simulation_time	physical_time	Enedis.energy_sold_inside	Enedis.energy_sold_outside	Enedis.energy_bought_inside	Enedis.energy_bought_outside	Enedis.energy_erased_consumption	Enedis.energy_erased_production	Enedis.money_spent_inside	Enedis.money_spent_outside	Enedis.money_earned_inside	Enedis.money_earned_outside	general_aggregator.energy_sold_inside	general_aggregator.energy_sold_outside	general_aggregator.energy_bought_inside	general_aggregator.energy_bought_outside	general_aggregator.energy_erased_consumption	general_aggregator.energy_erased_production	general_aggregator.money_spent_inside	general_aggregator.money_spent_outside	general_aggregator.money_earned_inside	general_aggregator.money_earned_outside	Local_DHN.energy_sold_inside	Local_DHN.energy_sold_outside	Local_DHN.energy_bought_inside	Local_DHN.energy_bought_outside	Local_DHN.energy_erased_consumption	Local_DHN.energy_erased_production	Local_DHN.money_spent_inside	Local_DHN.money_spent_outside	Local_DHN.money_earned_inside	Local_DHN.money_earned_outside	gas_aggregator.energy_sold_inside	gas_aggregator.energy_sold_outside	gas_aggregator.energy_bought_inside	gas_aggregator.energy_bought_outside	gas_aggregator.energy_erased_consumption	gas_aggregator.energy_erased_production	gas_aggregator.money_spent_inside	gas_aggregator.money_spent_outside	gas_aggregator.money_earned_inside	gas_aggregator.money_earned_outside	
0	2019-01-01 00:00:00	0	0	6308.470231972591	0	0	0.0	630.8470231972592	0	0	0	0.6970353225230796	6308.470231972591	6309.167267295114	0	0.0	0.0	642.1704534136464	0	0.12232721234083202	630.8470231972592	3.369999546235419	6196.630000453764	6200	0	0.0	0	620.0	0	0.5054999319353128	619.6630000453765	0	0	0	0	0	2000	0	0	0.0	0	
1	2019-01-01 02:00:00	0	0	6293.453353618811	0	0	0.0	629.3453353618811	0	0	0	2.5330354629689604	6293.453353618811	6295.98638908178	0	4.440892098500626e-16	0.0	635.019771672368	0	0.2838488066645123	629.3453353618811	2.579661176221039	6197.420338823779	6200	0	0.0	0	620.0	0	0.3869491764331558	619.742033882378	0	0	0	0	0	2000	0	0	0.0	0	
2	2019-01-01 04:00:00	0	0	6291.839462471859	0	0	0.0	629.183946247186	0	0	0	3.0587745393581383	6291.839462471859	6294.898237011217	0	0.0	0.0	628.0699359098228	0	0.2688246125661695	629.183946247186	3.02505894043338	6196.974941059567	6200	0	0.0	0	620.0	0	0.45375884106500697	619.6974941059567	0	0	0	0	0	2000	0	0	0.0	0	
3	2019-01-01 06:00:00	0	0	6303.142430893284	0	0	0.0	630.3142430893284	0	0	0	2.7225612556114216	6303.142430893284	6305.864992148895	0	0.0	0.0	626.9790353582625	0	0.1892805240840409	630.3142430893284	3.1218313141551857	6196.878168685845	6200	0	0.0	0	620.0	0	0.46827469712327785	619.6878168685845	0	0	0	0	0	2000	0	0	0.0	0	
4	2019-01-01 08:00:00	0	0	6310.041311502677	0	0	0.0	631.0041311502678	0	0	0	4.508825326226427	6310.041311502677	6314.550136828902	0	0.0	0.0	637.6270971858019	0	0.6805503589025117	631.0041311502678	3.2377162800942902	6196.762283719906	6200	0	0.0	0	620.0	0	0.4856574420141435	619.6762283719906	0	0	0	0	0	2000	0	0	0.0	0	
5	2019-01-01 10:00:00	0	0	6303.874366646178	0	0	0.0	630.3874366646178	0	0	0	3.8380305374387382	6303.874366646178	6307.712397183616	0	0.0	9.094947017729282e-13	634.4165653206057	0	0.5076442922699707	630.3874366646178	2.5158900816481977	6197.913433260601	6200.4293233422495	0	0.0	9.094947017729282e-13	620.0429323342249	0	0.37738351224722966	619.7913433260601	0	0	0	0	0	2000	0	0	0.0	0	
6	2019-01-01 12:00:00	0	0	6254.76411454311	0	0	0.0	625.476411454311	0	0	0	41.80038084212105	6254.76411454311	6296.564495385231	0	7.105427357601002e-15	0.0	633.8659515183908	0	6.032480009479746	625.476411454311	0	6201.110935751043	6201.110935751043	0	0	0.0	620.1110935751043	0	0	620.1110935751044	0	0	0	0	0	2000	0	0	0.0	0	
7	2019-01-01 14:00:00	0	0	6320.388437212708	0	0	0.0	632.0388437212708	0	0	0	4.753784999470103	6320.388437212708	6325.142222212178	0	8.881784197001252e-16	9.094947017729282e-13	635.1708761738948	0	0.6364610862652319	632.0388437212708	0	6200.99951414315	6200.99951414315	0	0	9.094947017729282e-13	620.099951414315	0	0	620.099951414315	0	0	0	0	0	2000	0	0	0.0	0	
8	2019-01-01 16:00:00	0	0	6282.840145420143	0	0	0.0	628.2840145420143	0	0	0	5.583916042185781	6282.840145420143	6288.424061462329	0	8.881784197001252e-16	0.0	630.3416725897088	0	0.7283053189700918	628.2840145420143	2.091855830966558	6198.106805831257	6200.1986616622235	0	0.0	0.0	620.0198661662223	0	0.3137783746449837	619.8106805831258	0	0	0	0	0	2000	0	0	0.0	0	
9	2019-01-01 18:00:00	0	0	6280.838676830067	0	0	0.0	628.0838676830067	0	0	0	4.702840054668075	6280.838676830067	6285.541516884734	0	-8.881784197001252e-16	0.0	635.4603564599031	0	0.859175882617391	628.0838676830067	1.8787966776651683	6198.121203322335	6200	0	0.0	0	620.0	0	0.2818195016497752	619.8121203322335	0	0	0	0	0	2000	0	0	0.0	0	
10	2019-01-01 20:00:00	0	0	6275.6142677388925	0	0	0.0	627.5614267738893	0	0	0	3.6146646692308195	6275.6142677388925	6279.228932408123	0	4.440892098500626e-16	0.0	637.3576430005756	0	0.7682513544179909	627.5614267738893	2.3160093357269393	6197.683990664273	6200	0	0.0	0	620.0	0	0.3474014003590409	619.7683990664273	0	0	0	0	0	2000	0	0	0.0	0	
11	2019-01-01 22:00:00	0	0	6300.673223356749	0	0	0.0	630.0673223356749	0	0	0	3.1512034625567393	6300.673223356749	6303.824426819306	0	0.0	0.0	644.0214712361071	0	0.6791309920244736	630.0673223356749	2.6473027214942917	6197.352697278506	6200	0	0.0	0	620.0	0	0.39709540822414374	619.7352697278507	0	0	0	0	0	2000	0	0	0.0	0	
12	2019-01-02 00:00:00	0	0	6328.399717372262	0	0	0.0	632.8399717372263	0	0	0	1.8606582854577445	6328.399717372262	6330.26037565772	0	0.0	0.0	646.365939339932	0	0.2561684502953318	632.8399717372263	3.138642083880019	6196.86135791612	6200	0	0.0	0	620.0	0	0.47079631258200283	619.6861357916121	0	0	0	0	0	2000	0	0	0.0	0	
13	2019-01-02 02:00:00	0	0	6352.9224623718965	0	0	0.0	635.2922462371897	0	0	0	2.483040592705182	6352.9224623718965	6355.4055029646015	0	0.0	0.0	644.2860517131122	0	0.2751107682273024	635.2922462371897	3.6036137017978724	6196.396386298202	6200	0	0.0	0	620.0	0	0.5405420552696808	619.6396386298202	0	0	0	0	0	2000	0	0	0.0	0	
14	2019-01-02 04:00:00	0	0	6357.356686866408	0	0	0.0	635.7356686866409	0	0	0	2.5906048265536565	6357.356686866408	6359.947291692962	0	0.0	0.0	633.618326909855	0	0.2221484438713241	635.7356686866409	3.9425193029884658	6196.057480697012	6200	0	0.0	0	620.0	0	0.5913778954482698	619.6057480697012	0	0	0	0	0	2000	0	0	0.0	0	
15	2019-01-02 06:00:00	0	0	6347.062362482221	0	0	0.0	634.7062362482221	0	0	0	2.679777658041071	6347.062362482221	6349.742140140262	0	0.0	0.0	629.8801854309222	0	0.1840379093787055	634.7062362482221	4.156004364388541	6195.8439956356115	6200	0	0.0	0	620.0	0	0.6234006546582811	619.5843995635612	0	0	0	0	0	2000	0	0	0.0	0	
16	2019-01-02 08:00:00	0	0	6334.769939881381	0	0	0.0	633.4769939881381	0	0	0	3.661077739020377	6334.769939881381	6338.431017620402	0	0.0	0.0	641.3221577848326	0	0.5508825822684241	633.4769939881381	4.299059150444905	6195.700940849555	6200	0	0.0	0	620.0	0	0.6448588725667358	619.5700940849556	0	0	0	0	0	2000	0	0	0.0	0	
17	2019-01-02 10:00:00	0	0	6349.033334909989	0	0	0.0	634.903333490999	0	0	0	3.652088343144701	6349.033334909989	6352.685423253134	0	0.0	0.0	640.4719840905291	0	0.48227989610386013	634.903333490999	4.052001412042248	6195.955249602062	6200.007251014104	0	0.0	0.0	620.0007251014105	0	0.6078002118063371	619.5955249602063	0	0	0	0	0	2000	0	0	0.0	0	
18	2019-01-02 12:00:00	0	0	6354.419616077877	0	0	0.0	635.4419616077878	0	0	0	8.41363926447244	6354.419616077877	6362.83325534235	0	0.0	0.0	643.4608052195117	0	1.216425475846081	635.4419616077878	0	6200.078613952853	6200.078613952853	0	0	0.0	620.0078613952853	0	0	620.0078613952853	0	0	0	0	0	2000	0	0	0.0	0	
19	2019-01-02 14:00:00	0	0	6367.294565741986	0	0	0.0	636.7294565741986	0	0	0	3.7742273276827913	6367.294565741986	6371.068793069668	0	0.0	0.0	640.7676144153079	0	0.46878969531811254	636.7294565741986	0	6200.0064048294325	6200.0064048294325	0	0	0.0	620.0006404829433	0	0	620.0006404829433	0	0	0	0	0	2000	0	0	0.0	0	
20	2019-01-02 16:00:00	0	0	6311.880136162475	0	0	0.0	631.1880136162475	0	0	0	5.746682543568197	6311.880136162475	6317.626818706043	0	-8.881784197001252e-16	0.0	633.8249351071829	0	0.6783100563563967	631.1880136162475	6.605303979406801	6193.394696020593	6200	0	0.0	0	620.0	0	0.9907955969110201	619.3394696020594	0	0	0	0	0	2000	0	0	0.0	0	
21	2019-01-02 18:00:00	0	0	6318.286595337213	0	0	0.0	631.8286595337213	0	0	0	4.26553064449868	6318.286595337213	6322.5521259817115	0	0.0	9.094947017729282e-13	642.2004840185093	0	0.7784433931230099	631.8286595337213	3.337385668138244	6196.662614331861	6199.999999999999	0	0.0	9.094947017729282e-13	619.9999999999999	0	0.5006078502207366	619.6662614331862	0	0	0	0	0	2000	0	0	0.0	0	
22	2019-01-02 20:00:00	0	0	6321.208201466367	0	0	0.0	632.1208201466368	0	0	0	2.837200470324431	6321.208201466367	6324.045401936692	0	0.0	0.0	647.2687509584714	0	0.6080324030220328	632.1208201466368	4.426601216307856	6195.573398783692	6200	0	0.0	0	620.0	0	0.6639901824461784	619.5573398783692	0	0	0	0	0	2000	0	0	0.0	0	
23	2019-01-02 22:00:00	0	0	6355.213142374526	0	0	0.0	635.5213142374527	0	0	0	2.6340958754013855	6355.213142374526	6357.847238249928	0	0.0	0.0	656.5649411559464	0	0.5705250262862773	635.5213142374527	4.371476277422774	6195.6285237225775	6200	0	0.0	0	620.0	0	0.6557214416134161	619.5628523722578	0	0	0	0	0	2000	0	0	0.0	0	
24	2019-01-03 00:00:00	0	0	6356.104256268111	0	0	0.0	635.6104256268112	0	0	0	0.6970353225230796	6356.104256268111	6356.801291590635	0	0.0	0.0	651.8347147173436	0	0.12232721234083202	635.6104256268112	4.7445639921656335	6195.255436007835	6200	0	0.0	0	620.0	0	0.711684598824845	619.5255436007835	0	0	0	0	0	2000	0	0	0.0	0	
25	2019-01-03 02:00:00	0	0	6322.681685659068	0	0	0.0	632.2681685659068	0	0	0	2.5330354629689604	6322.681685659068	6325.214721122036	0	4.440892098500626e-16	0.0	639.675657955115	0	0.2838488066645123	632.2681685659068	4.861385112713746	6195.138614887286	6200	0	0.0	0	620.0	0	0.7292077669070619	619.5138614887287	0	0	0	0	0	2000	0	0	0.0	0	
26	2019-01-03 04:00:00	0	0	6348.89651325054	0	0	0.0	634.889651325054	0	0	0	3.0587745393581383	6348.89651325054	6351.955287789898	0	0.0	0.0	632.9203877421289	0	0.2688246125661695	634.889651325054	4.950990614302268	6195.049009385698	6200	0	0.0	0	620.0	0	0.7426485921453402	619.5049009385698	0	0	0	0	0	2000	0	0	0.0	0	
27	2019-01-03 06:00:00	0	0	6384.009724307562	0	0	0.0	638.4009724307562	0	0	0	2.7225612556114216	6384.009724307562	6386.732285563173	0	0.0	0.0	632.3273414296116	0	0.1892805240840409	638.4009724307562	4.986358748176677	6195.013641251823	6200	0	0.0	0	620.0	0	0.7479538122265016	619.5013641251824	0	0	0	0	0	2000	0	0	0.0	0	
28	2019-01-03 08:00:00	0	0	6481.848315507998	0	0	0.0	648.1848315507999	0	0	0	4.508825326226427	6481.848315507998	6486.357140834225	0	0.0	0.0	663.9014575441173	0	0.6805503589025117	648.1848315507999	4.973841240101778	6195.026158759898	6200	0	0.0	0	620.0	0	0.7460761860152666	619.5026158759898	0	0	0	0	0	2000	0	0	0.0	0	
29	2019-01-03 10:00:00	0	0	6494.378992489748	0	0	0.0	649.4378992489749	0	0	0	3.8380305374387382	6494.378992489748	6498.217023027187	0	0.0	0.0	659.8426863636904	0	0.5076442922699707	649.4378992489749	4.120018148328188	6196.380153720815	6200.500171869143	0	0.0	0.0	620.0500171869143	0	0.6180027222492281	619.6380153720816	0	0	0	0	0	2000	0	0	0.0	0	
30	2019-01-03 12:00:00	0	0	6449.729793450094	0	0	0.0	644.9729793450094	0	0	0	7.112231166289497	6449.729793450094	6456.842024616383	0	0.0	9.094947017729282e-13	656.9647120347355	0	1.0339176411924214	644.9729793450094	0	6201.048156745696	6201.048156745696	0	0	9.094947017729282e-13	620.1048156745696	0	0	620.1048156745696	0	0	0	0	0	2000	0	0	0.0	0	
31	2019-01-03 14:00:00	0	0	6386.4684986371785	0	0	0.0	638.6468498637179	0	0	0	4.753784999470103	6386.4684986371785	6391.222283636649	0	8.881784197001252e-16	0.0	643.1896168572423	0	0.6364610862652319	638.6468498637179	0	6201.157400759203	6201.157400759203	0	0	0.0	620.1157400759203	0	0	620.1157400759203	0	0	0	0	0	2000	0	0	0.0	0	
32	2019-01-03 16:00:00	0	0	6306.1845832674435	0	0	0.0	630.6184583267444	0	0	0	4.869697071315638	6306.1845832674435	6311.054280338759	0	8.881784197001252e-16	0.0	633.0183067020749	0	0.6450273869666331	630.6184583267444	4.192082959872783	6195.820625627972	6200.012708587845	0	0.0	0.0	620.0012708587844	0	0.6288124439809174	619.5820625627972	0	0	0	0	0	2000	0	0	0.0	0	
33	2019-01-03 18:00:00	0	0	6292.506854960828	0	0	0.0	629.2506854960828	0	0	0	4.702840054668075	6292.506854960828	6297.2096950154955	0	-8.881784197001252e-16	9.094947017729282e-13	637.6039974541052	0	0.859175882617391	629.2506854960828	2.575468940903679	6197.424531059095	6199.999999999999	0	0.0	9.094947017729282e-13	619.9999999999999	0	0.3863203411355518	619.7424531059096	0	0	0	0	0	2000	0	0	0.0	0	
34	2019-01-03 20:00:00	0	0	6288.802290751852	0	0	0.0	628.8802290751852	0	0	0	3.6146646692308195	6288.802290751852	6292.416955421082	0	4.440892098500626e-16	0.0	640.3292579658579	0	0.7682513544179909	628.8802290751852	3.413316175718404	6196.586683824282	6200	0	0.0	0	620.0	0	0.5119974263577606	619.6586683824282	0	0	0	0	0	2000	0	0	0.0	0	
35	2019-01-03 22:00:00	0	0	6296.124369287254	0	0	0.0	629.6124369287254	0	0	0	3.1512034625567393	6296.124369287254	6299.27557274981	0	0.0	0.0	643.100918775513	0	0.6791309920244736	629.6124369287254	3.560972921789079	6196.4390270782105	6200	0	0.0	0	620.0	0	0.5341459382683618	619.6439027078211	0	0	0	0	0	2000	0	0	0.0	0	
36	2019-01-04 00:00:00	0	0	17500.98565321712	0	0	0.0	1750.0985653217122	0	0	0	1.8606582854577445	8750.49282660856	25944.13414047635	0	0.0	0.0	2610.05972975792	0	0.2561684502953318	875.0492826608561	4.109672208832903	12391.780655582334	6200	0	0.0	0	620.0	0	0.6164508313249354	1239.1780655582334	0	4800.0	2000.0	0	0	0.0	400.0	0	0	480.0	
37	2019-01-04 02:00:00	0	0	6763.304267413499	0	0	0.0	676.3304267413499	0	0	0	2.483040592705182	6763.304267413499	6765.787308006204	0	0.0	0.0	685.9524319365624	0	0.2751107682273024	676.3304267413499	4.643621738195874	6195.356378261804	6200	0	0.0	0	620.0	0	0.696543260729381	619.5356378261804	0	400.0	400.0	0	0	1600.0	62.0	0	0	40.0	
38	2019-01-04 04:00:00	0	0	6349.115362491761	0	0	0.0	634.9115362491762	0	0	0	2.557991141554949	6349.115362491761	6351.673353633316	0	0.0	0.0	632.8949286606002	0	0.21935997380393465	634.9115362491762	5.044350003334408	6194.955649996666	6200	0	0.0	0	620.0	0	0.7566525005001612	619.4955649996666	0.0	0	0	0	0	2000.0	0	0	0.0	0	
39	2019-01-04 06:00:00	0	0	6412.956105857206	0	0	0.0	641.2956105857206	0	0	0	2.2797776580410707	6412.956105857206	6415.235883515247	0	0.0	0.0	634.2237371865411	0	0.1572779093787055	641.2956105857206	5.303426605102756	6194.696573394897	6200	0	0.0	0	620.0	0	0.7955139907654134	619.4696573394898	0.0	0	0	0	0	2000.0	0	0	0.0	0	
40	2019-01-04 08:00:00	0	0	6427.242266272446	0	0	0.0	642.7242266272447	0	0	0	3.2610777390203767	6427.242266272446	6430.503344011466	0	0.0	0.0	655.4155013499204	0	0.4899225822684242	642.7242266272447	5.473124476580783	6194.526875523419	6200	0	0.0	0	620.0	0	0.8209686714871175	619.452687552342	0.0	0	0	0	0	2000.0	0	0	0.0	0	
41	2019-01-04 10:00:00	0	0	6468.8740209297675	0	0	0.0	646.8874020929768	0	0	0	3.652088343144701	6468.8740209297675	6472.526109272912	0	0.0	0.0	656.442496267911	0	0.48227989610386013	646.8874020929768	4.733202322160995	6195.72233395304	6200.455536275201	0	0.0	0.0	620.0455536275201	0	0.7099803483241492	619.572233395304	0.0	0	0	0	0	2000.0	0	0	0.0	0	
42	2019-01-04 12:00:00	0	0	6525.728906949721	0	0	0.0	652.5728906949721	0	0	0	6.031863846740854	6525.728906949721	6531.760770796462	0	8.881784197001252e-16	9.094947017729282e-13	667.7589715450323	0	0.873211638150959	652.5728906949721	0	6201.0828917627605	6201.0828917627605	0	0	9.094947017729282e-13	620.108289176276	0	0	620.1082891762761	0.0	0	0	0	0	2000.0	0	0	0.0	0	
43	2019-01-04 14:00:00	0	0	6551.593298799336	0	0	0.0	655.1593298799336	0	0	0	3.7742273276827913	6551.593298799336	6555.367526127018	0	0.0	0.0	663.1184021949407	0	0.46878969531811254	655.1593298799336	0	6201.084835368196	6201.084835368196	0	0	9.094947017729282e-13	620.1084835368196	0	0	620.1084835368197	0.0	0	0	0	0	2000.0	0	0	0.0	0	
44	2019-01-04 16:00:00	0	0	6536.558084535521	0	0	0.0	653.6558084535521	0	0	0	4.96114212834956	6536.558084535521	6541.519226663871	0	0.0	0.0	659.9113168592711	0	0.5867160439419036	653.6558084535521	5.924706383861608	6194.567769261221	6200.492475645083	0	0.0	0.0	620.0492475645083	0	0.8887059575792412	619.4567769261221	0.0	0	0	0	0	2000.0	0	0	0.0	0	
45	2019-01-04 18:00:00	0	0	6527.522172929737	0	0	0.0	652.7522172929738	0	0	0	4.26553064449868	6527.522172929737	6531.787703574236	0	0.0	0.0	679.6471234821469	0	0.7784433931230099	652.7522172929738	3.2547410425137135	6196.745258957486	6200	0	0.0	0	620.0	0	0.48821115637705703	619.6745258957486	0.0	0	0	0	0	2000.0	0	0	0.0	0	
46	2019-01-04 20:00:00	0	0	6506.371708866669	0	0	0.0	650.6371708866669	0	0	0	2.837200470324431	6506.371708866669	6509.208909336993	0	0.0	0.0	687.1992952120526	0	0.6080324030220328	650.6371708866669	4.346875264156174	6195.653124735843	6200	0	0.0	0	620.0	0	0.652031289623426	619.5653124735844	0.0	0	0	0	0	2000.0	0	0	0.0	0	
47	2019-01-04 22:00:00	0	0	6495.255126400115	0	0	0.0	649.5255126400116	0	0	0	2.6340958754013855	6495.255126400115	6497.889222275516	0	0.0	0.0	688.5007813985654	0	0.5705250262862773	649.5255126400116	4.31108350913423	6195.688916490866	6200	0	0.0	0	620.0	0	0.6466625263701344	619.5688916490867	0.0	0	0	0	0	2000.0	0	0	0.0	0	
48	2019-01-05 00:00:00	0	0	24183.58255663183	0	0	0.0	2418.358255663183	0	0	0	0.6970353225230796	12091.791278315915	35683.08759215531	0	0.0	0.0	3598.0276266535316	0	0.12232721234083202	1209.1791278315916	4.700360741562242	12390.599278516875	6200	0	0.0	0	620.0	0	0.7050541112343363	1239.0599278516875	0	11200.0	2000.0	0	0	0.0	400.0	0	0	1120.0	
49	2019-01-05 02:00:00	0	0	20221.680168237646	0	0	0.0	2022.1680168237647	0	0	0	2.4650618009538308	10110.840084118823	29703.640143112134	0	0.0	0.0	2987.861584914011	0	0.2733128890521672	1011.0840084118823	4.8325014038228655	12390.334997192354	6200	0	0.0	0	620.0	0	0.7248752105734299	1239.0334997192356	0	7200.0	2000.0	0	0	0.0	310.0	0	0	720.0	
50	2019-01-05 04:00:00	0	0	8129.679227311847	0	0	0.0	812.9679227311848	0	0	0	2.5906048265536565	8129.679227311847	8132.2698321384	0	0.0	0.0	808.3377672798509	0	0.2221484438713241	812.9679227311848	4.917473653949609	6195.08252634605	6200	0	0.0	0	620.0	0	0.7376210480924413	619.508252634605	0	1600.0	1600.0	0	0	400.0	136.8	0	0	160.0	
51	2019-01-05 06:00:00	0	0	6518.08313170351	0	0	0.0	651.8083131703511	0	0	0	2.679777658041071	6518.08313170351	6520.762909361551	0	0.0	0.0	641.295053190631	0	0.1840379093787055	651.8083131703511	4.954243071198608	6195.0457569288	6199.999999999999	0	0.0	9.094947017729282e-13	619.9999999999999	0	0.7431364606797911	619.50457569288	0.0	0	0	0	0	2000.0	0	0	0.0	0	
52	2019-01-05 08:00:00	0	0	6501.61701213532	0	0	0.0	650.1617012135321	0	0	0	4.53723576839214	6501.61701213532	6506.154247903712	0	0.0	0.0	666.9179863135053	0	0.6844090659446809	650.1617012135321	4.963338415638981	6195.036661584361	6200	0	0.0	0	620.0	0	0.7445007623458472	619.5036661584362	0.0	0	0	0	0	2000.0	0	0	0.0	0	
53	2019-01-05 10:00:00	0	0	6543.771637781683	0	0	0.0	654.3771637781683	0	0	0	3.652088343144701	6543.771637781683	6547.423726124827	0	0.0	0.0	666.4111894065186	0	0.48227989610386013	654.3771637781683	4.585964436551587	6195.953340762306	6200.539305198858	0	0.0	0.0	620.0539305198857	0	0.6878946654827379	619.5953340762306	0.0	0	0	0	0	2000.0	0	0	0.0	0	
54	2019-01-05 12:00:00	0	0	6535.564245219103	0	0	0.0	653.5564245219103	0	0	0	6.031863846740854	6535.564245219103	6541.596109065844	0	8.881784197001252e-16	0.0	669.1758366304058	0	0.873211638150959	653.5564245219103	0	6201.092124398694	6201.092124398694	0	0	0.0	620.1092124398695	0	0	620.1092124398695	0.0	0	0	0	0	2000.0	0	0	0.0	0	
55	2019-01-05 14:00:00	0	0	6514.278624523284	0	0	0.0	651.4278624523284	0	0	0	3.7742273276827913	6514.278624523284	6518.052851850966	0	0.0	9.094947017729282e-13	658.5905182435474	0	0.46878969531811254	651.4278624523284	0	6200.985886502796	6200.985886502796	0	0	9.094947017729282e-13	620.0985886502797	0	0	620.0985886502797	0.0	0	0	0	0	2000.0	0	0	0.0	0	
56	2019-01-05 16:00:00	0	0	6528.87479178836	0	0	0.0	652.8874791788361	0	0	0	3.683383294387785	6528.87479178836	6532.558175082748	0	0.0	0.0	658.8845128029868	0	0.4377293639019606	652.8874791788361	6.825266364374959	6193.480145280826	6200.305411645201	0	0.0	0.0	620.0305411645202	0	1.0237899546562437	619.3480145280827	0.0	0	0	0	0	2000.0	0	0	0.0	0	
57	2019-01-05 18:00:00	0	0	6556.304060747967	0	0	0.0	655.6304060747967	0	0	0	4.26553064449868	6556.304060747967	6560.569591392466	0	0.0	0.0	684.8071745527091	0	0.7784433931230099	655.6304060747967	3.3571859931347823	6196.642814006866	6200	0	0.0	0	620.0	0	0.5035778989702173	619.6642814006866	0.0	0	0	0	0	2000.0	0	0	0.0	0	
58	2019-01-05 20:00:00	0	0	6585.374842365459	0	0	0.0	658.5374842365459	0	0	0	2.837200470324431	6585.374842365459	6588.212042835783	0	0.0	0.0	704.266018047138	0	0.6080324030220328	658.5374842365459	4.569407151767075	6195.430592848233	6200	0	0.0	0	620.0	0	0.6854110727650613	619.5430592848234	0.0	0	0	0	0	2000.0	0	0	0.0	0	
59	2019-01-05 22:00:00	0	0	6539.3992213838055	0	0	0.0	653.9399221383806	0	0	0	2.6340958754013855	6539.3992213838055	6542.033317259207	0	0.0	0.0	698.5967262098284	0	0.5705250262862773	653.9399221383806	4.5193328883923085	6195.4806671116075	6200	0	0.0	0	620.0	0	0.6778999332588462	619.5480667111608	0.0	0	0	0	0	2000.0	0	0	0.0	0	
60	2019-01-06 00:00:00	0	0	24200.907602393032	0	0	0.0	2420.090760239303	0	0	0	0.6659773132896128	12100.453801196516	35691.077193968704	0	0.0	0.0	3599.7218264749063	0	0.11611561049413865	1210.0453801196516	5.0212922705458745	12389.957415458908	6200	0	0.0	0	620.0	0	0.7531938405818811	1238.995741545891	0	11200.0	2000.0	0	0	0.0	400.0	0	0	1120.0	
61	2019-01-06 02:00:00	0	0	20171.51274283589	0	0	0.0	2017.1512742835891	0	0	0	2.13303546296896	10085.756371417945	29677.04823990634	0	0.0	0.0	2983.836873460885	0	0.2218488066645123	1008.5756371417946	5.420583487287472	12389.158833025425	6200	0	0.0	0	620.0	0	0.8130875230931208	1238.9158833025426	0	7199.999999999998	2000.0	0	0	0.0	310.0	0	0	719.9999999999999	
62	2019-01-06 04:00:00	0	0	8079.478560687444	0	0	0.0	807.9478560687444	0	0	0	2.658774539358138	8079.478560687444	8082.137335226802	0	0.0	9.094947017729282e-13	804.0395541982326	0	0.2346246125661695	807.9478560687444	5.737100941997202	6194.262899058002	6200	0	0.0	0	620.0	0	0.8605651412995803	619.4262899058003	0	1599.999999999999	1600.0	0	0	400.0000000000009	136.8	0	0	159.99999999999991	
63	2019-01-06 06:00:00	0	0	6500.733419161918	0	0	0.0	650.0733419161919	0	0	0	2.3225612556114212	6500.733419161918	6503.05598041753	0	0.0	0.0	640.0786551302805	0	0.16252052408404088	650.0733419161919	5.915104521220399	6194.08489547878	6200	0	0.0	0	620.0	0	0.8872656781830598	619.408489547878	0.0	0	0	0	0	2000.0	0	0	0.0	0	
64	2019-01-06 08:00:00	0	0	6481.71484143497	0	0	0.0	648.1714841434971	0	0	0	3.2326672968546637	6481.71484143497	6484.947508731825	0	0.0	9.094947017729282e-13	663.7429508713325	0	0.48606387522625505	648.1714841434971	6.0486744389741505	6193.9513255610245	6199.999999999999	0	0.0	9.094947017729282e-13	619.9999999999999	0	0.9073011658461225	619.3951325561025	0.0	0	0	0	0	2000.0	0	0	0.0	0	
65	2019-01-06 10:00:00	0	0	6539.6237849317085	0	0	0.0	653.962378493171	0	0	0	3.8380305374387382	6539.6237849317085	6543.461815469147	0	0.0	0.0	665.9210643956155	0	0.5076442922699707	653.962378493171	5.341715502237906	6194.820765809478	6200.162481311716	0	0.0	0.0	620.0162481311716	0	0.8012573253356859	619.4820765809478	0.0	0	0	0	0	2000.0	0	0	0.0	0	
66	2019-01-06 12:00:00	0	0	6548.646911215836	0	0	0.0	654.8646911215836	0	0	0	19.09549221601965	6548.646911215836	6567.742403431856	0	0.0	0.0	672.9384117457582	0	2.760705558458537	654.8646911215836	0	6201.207904507305	6201.207904507305	0	0	0.0	620.1207904507305	0	0	620.1207904507305	0.0	0	0	0	0	2000.0	0	0	0.0	0	
67	2019-01-06 14:00:00	0	0	6625.776984486971	0	0	0.0	662.5776984486971	0	0	0	4.753784999470103	6625.776984486971	6630.5307694864405	0	8.881784197001252e-16	0.0	672.2423294047086	0	0.6364610862652319	662.5776984486971	0	6201.126449109605	6201.126449109605	0	0	0.0	620.1126449109605	0	0	620.1126449109606	0.0	0	0	0	0	2000.0	0	0	0.0	0	
68	2019-01-06 16:00:00	0	0	6662.262960879083	0	0	0.0	666.2262960879084	0	0	0	6.6527331800280205	6662.262960879083	6668.91569405911	0	8.881784197001252e-16	0.0	674.7897053845721	0	0.8529293972424967	666.2262960879084	7.216518536311092	6193.124370043389	6200.3408885797	0	0.0	0.0	620.03408885797	0	1.0824777804466639	619.3124370043389	0.0	0	0	0	0	2000.0	0	0	0.0	0	
69	2019-01-06 18:00:00	0	0	6662.759079858277	0	0	0.0	666.2759079858278	0	0	0	4.702840054668075	6662.759079858277	6667.461919912945	0	-8.881784197001252e-16	0.0	703.9669613468304	0	0.859175882617391	666.2759079858278	3.6870592710560324	6196.312940728944	6200	0	0.0	0	620.0	0	0.5530588906584049	619.6312940728944	0.0	0	0	0	0	2000.0	0	0	0.0	0	
70	2019-01-06 20:00:00	0	0	6610.956321550638	0	0	0.0	661.0956321550639	0	0	0	3.6146646692308195	6610.956321550638	6614.570986219868	0	4.440892098500626e-16	0.0	710.0011015290183	0	0.7682513544179909	661.0956321550639	4.996886788181742	6195.003113211818	6200	0	0.0	0	620.0	0	0.7495330182272613	619.5003113211819	0.0	0	0	0	0	2000.0	0	0	0.0	0	
71	2019-01-06 22:00:00	0	0	6557.416936804235	0	0	0.0	655.7416936804235	0	0	0	3.1512034625567393	6557.416936804235	6560.5681402667915	0	0.0	0.0	702.8672625015034	0	0.6791309920244736	655.7416936804235	4.853003174458626	6195.1469968255415	6200	0	0.0	0	620.0	0	0.7279504761687939	619.5146996825542	0.0	0	0	0	0	2000.0	0	0	0.0	0	
72	2019-01-07 00:00:00	0	0	24247.081927963925	0	0	0.0	2424.7081927963927	0	0	0	1.4606582854577446	12123.540963981963	35714.49211053787	0	0.0	0.0	3604.474848867006	0	0.1761684502953318	1212.3540963981964	5.254755864779454	12389.490488270441	6200	0	0.0	0	620.0	0	0.7882133797169181	1238.9490488270442	0	11200.0	2000.0	0	0	0.0	400.0	0	0	1120.0	
73	2019-01-07 02:00:00	0	0	20333.413481639458	0	0	0.0	2033.341348163946	0	0	0	2.083040592705182	10166.706740819729	29757.9794612134	0	0.0	0.0	2996.378667904497	0	0.21311076822730238	1016.670674081973	5.405160099515682	12389.18967980097	6200	0	0.0	0	620.0	0	0.8107740149273523	1238.918967980097	0	7199.999999999996	2000.0	0	0	0.0	310.0	0	0	719.9999999999997	
74	2019-01-07 04:00:00	0	0	8136.4380129131705	0	0	0.0	813.6438012913171	0	0	0	2.190604826553656	8136.4380129131705	8138.628617739724	0	0.0	0.0	808.8726073283246	0	0.1879484438713241	813.6438012913171	5.526861270476261	6194.473138729524	6200	0	0.0	0	620.0	0	0.8290291905714392	619.4473138729525	0	1600.0	1600.0	0	0	400.0	136.8	0	0	160.0	
75	2019-01-07 06:00:00	0	0	6518.884039213526	0	0	0.0	651.8884039213526	0	0	0	2.2797776580410707	6518.884039213526	6521.163816871567	0	0.0	0.0	641.300672298279	0	0.1572779093787055	651.8884039213526	5.594774937432604	6194.405225062567	6200	0	0.0	0	620.0	0	0.8392162406148905	619.4405225062568	0.0	0	0	0	0	2000.0	0	0	0.0	0	
76	2019-01-07 08:00:00	0	0	6482.051185604464	0	0	0.0	648.2051185604464	0	0	0	4.13723576839214	6482.051185604464	6486.188421372856	0	0.0	0.0	663.910478683919	0	0.623449065944681	648.2051185604464	5.636703562893781	6194.363296437106	6200	0	0.0	0	620.0	0	0.8455055344340672	619.4363296437107	0.0	0	0	0	0	2000.0	0	0	0.0	0	
77	2019-01-07 10:00:00	0	0	6474.115987259337	0	0	0.0	647.4115987259338	0	0	0	3.652088343144701	6474.115987259337	6477.768075602482	0	0.0	0.0	657.1424337181189	0	0.48227989610386013	647.4115987259338	4.784808910521687	6195.670902172645	6200.4557110831665	0	0.0	0.0	620.0455711083166	0	0.7177213365782531	619.5670902172645	0.0	0	0	0	0	2000.0	0	0	0.0	0	
78	2019-01-07 12:00:00	0	0	6501.150233753719	0	0	0.0	650.115023375372	0	0	0	6.031863846740854	6501.150233753719	6507.182097600459	0	8.881784197001252e-16	0.0	664.2117930729459	0	0.873211638150959	650.115023375372	0	6201.205151729712	6201.205151729712	0	0	0.0	620.1205151729712	0	0	620.1205151729713	0.0	0	0	0	0	2000.0	0	0	0.0	0	
79	2019-01-07 14:00:00	0	0	6494.298531903251	0	0	0.0	649.4298531903252	0	0	0	3.7742273276827913	6494.298531903251	6498.072759230934	0	0.0	0.0	656.1638057388019	0	0.46878969531811254	649.4298531903252	0	6201.038655693163	6201.038655693163	0	0	0.0	620.1038655693162	0	0	620.1038655693163	0.0	0	0	0	0	2000.0	0	0	0.0	0	
80	2019-01-07 16:00:00	0	0	6480.241984213806	0	0	0.0	648.0241984213807	0	0	0	4.256968431331318	6480.241984213806	6484.498952645137	0	0.0	9.094947017729282e-13	653.2698863032548	0	0.5046093908695765	648.0241984213807	6.231575990685623	6194.138046696887	6200.369622687573	0	0.0	9.094947017729282e-13	620.0369622687573	0	0.9347363986028434	619.4138046696887	0.0	0	0	0	0	2000.0	0	0	0.0	0	
81	2019-01-07 18:00:00	0	0	6471.331149748989	0	0	0.0	647.133114974899	0	0	0	4.26553064449868	6471.331149748989	6475.596680393488	0	0.0	0.0	669.5863895267506	0	0.7784433931230099	647.133114974899	3.2225789407124177	6196.777421059288	6200	0	0.0	0	620.0	0	0.4833868411068627	619.6777421059288	0.0	0	0	0	0	2000.0	0	0	0.0	0	
82	2019-01-07 20:00:00	0	0	6475.469760562504	0	0	0.0	647.5469760562505	0	0	0	2.837200470324431	6475.469760562504	6478.306961032828	0	0.0	0.0	680.5323207499933	0	0.6080324030220328	647.5469760562505	4.334565732171991	6195.6654342678285	6200	0	0.0	0	620.0	0	0.6501848598257987	619.5665434267829	0.0	0	0	0	0	2000.0	0	0	0.0	0	
83	2019-01-07 22:00:00	0	0	6493.831087713155	0	0	0.0	649.3831087713156	0	0	0	2.6340958754013855	6493.831087713155	6496.465183588557	0	0.0	0.0	688.171022524055	0	0.5705250262862773	649.3831087713156	4.272553844692784	6195.727446155307	6200	0	0.0	0	620.0	0	0.6408830767039176	619.5727446155307	0.0	0	0	0	0	2000.0	0	0	0.0	0	
84	2019-01-08 00:00:00	0	0	24217.909562205034	0	0	0.0	2421.7909562205036	0	0	0	0.6970353225230796	12108.954781102517	35700.18007426032	0	0.0	0.0	3601.4567761767717	0	0.12232721234083202	1210.8954781102518	4.735871082360804	12390.528257835278	6200	0	0.0	0	620.0	0	0.7103806623541206	1239.0528257835279	0	11200.0	2000.0	0	0	0.0	400.0	0	0	1120.0	
85	2019-01-08 02:00:00	0	0	20178.345717608663	0	0	0.0	2017.8345717608663	0	0	0	2.13303546296896	10089.172858804332	29681.184847525496	0	0.0	1.8189894035458565e-12	2984.418637722651	0	0.2218488066645123	1008.9172858804332	5.060523370900182	12389.8789532582	6200	0	0.0	0	620.0	0	0.7590785056350272	1238.98789532582	0	7199.999999999998	2000.0	0	0	0.0	310.0	0	0	719.9999999999999	
86	2019-01-08 04:00:00	0	0	8098.981071249698	0	0	0.0	809.8981071249699	0	0	0	2.658774539358138	8098.981071249698	8101.639845789056	0	0.0	0.0	805.713111325861	0	0.2346246125661695	809.8981071249699	5.316930282994134	6194.683069717006	6200	0	0.0	0	620.0	0	0.7975395424491201	619.4683069717007	0	1600.0	1600.0	0	0	400.0	136.8	0	0	160.0	
87	2019-01-08 06:00:00	0	0	6498.743010320244	0	0	0.0	649.8743010320245	0	0	0	2.3225612556114212	6498.743010320244	6501.065571575856	0	0.0	0.0	639.9602012338848	0	0.16252052408404088	649.8743010320245	5.470861164344429	6194.529138835655	6200	0	0.0	0	620.0	0	0.8206291746516643	619.4529138835655	0.0	0	0	0	0	2000.0	0	0	0.0	0	
88	2019-01-08 08:00:00	0	0	6505.436943422529	0	0	0.0	650.5436943422529	0	0	0	3.2326672968546637	6505.436943422529	6508.669610719384	0	0.0	0.0	667.3330883292513	0	0.48606387522625505	650.5436943422529	5.569459076663236	6194.430540923337	6200	0	0.0	0	620.0	0	0.8354188614994854	619.4430540923337	0.0	0	0	0	0	2000.0	0	0	0.0	0	
89	2019-01-08 10:00:00	0	0	6557.748803779799	0	0	0.0	655.77488037798	0	0	0	3.8380305374387382	6557.748803779799	6561.586834317238	0	0.0	9.094947017729282e-13	668.3231598821133	0	0.5076442922699707	655.77488037798	5.227484362783789	6195.18694123322	6200.414425596004	0	0.0	9.094947017729282e-13	620.0414425596003	0	0.7841226544175683	619.518694123322	0.0	0	0	0	0	2000.0	0	0	0.0	0	
90	2019-01-08 12:00:00	0	0	6516.970041082783	0	0	0.0	651.6970041082783	0	0	0	20.52696096463842	6516.970041082783	6537.49700204742	0	0.0	0.0	668.5870987555041	0	2.9669802051345013	651.6970041082783	0	6201.048055318124	6201.048055318124	0	0	0.0	620.1048055318124	0	0	620.1048055318124	0.0	0	0	0	0	2000.0	0	0	0.0	0	
91	2019-01-08 14:00:00	0	0	6505.582340429127	0	0	0.0	650.5582340429128	0	0	0	4.753784999470103	6505.582340429127	6510.336125428597	0	8.881784197001252e-16	0.0	657.6544663241217	0	0.6364610862652319	650.5582340429128	0	6200.950434715425	6200.950434715425	0	0	0.0	620.0950434715425	0	0	620.0950434715426	0.0	0	0	0	0	2000.0	0	0	0.0	0	
92	2019-01-08 16:00:00	0	0	6449.432731731478	0	0	0.0	644.9432731731479	0	0	0	5.424196187940559	6449.432731731478	6454.856927919419	0	8.881784197001252e-16	0.0	649.8562578838059	0	0.709681983965099	644.9432731731479	8.491817956576003	6191.569874192682	6200.061692149257	0	0.0	0.0	620.0061692149258	0	1.2737726934864004	619.1569874192683	0.0	0	0	0	0	2000.0	0	0	0.0	0	
93	2019-01-08 18:00:00	0	0	6450.758494844048	0	0	0.0	645.0758494844049	0	0	0	4.702840054668075	6450.758494844048	6455.461334898716	0	-8.881784197001252e-16	0.0	666.0413618723868	0	0.859175882617391	645.0758494844049	3.971935766034522	6196.028064233966	6200	0	0.0	0	620.0	0	0.5957903649051783	619.6028064233966	0.0	0	0	0	0	2000.0	0	0	0.0	0	
94	2019-01-08 20:00:00	0	0	6465.594563463273	0	0	0.0	646.5594563463274	0	0	0	3.214664669230819	6465.594563463273	6468.809228132503	0	0.0	0.0	678.6113242479436	0	0.6819713544179908	646.5594563463274	5.437975278846561	6194.562024721154	6200	0	0.0	0	620.0	0	0.8156962918269841	619.4562024721154	0.0	0	0	0	0	2000.0	0	0	0.0	0	
95	2019-01-08 22:00:00	0	0	6454.549962054465	0	0	0.0	645.4549962054466	0	0	0	2.751203462556739	6454.549962054465	6457.301165517022	0	0.0	0.0	679.3599272734182	0	0.5878909920244736	645.4549962054466	5.2266309054273625	6194.773369094572	6200	0	0.0	0	620.0	0	0.7839946358141043	619.4773369094573	0.0	0	0	0	0	2000.0	0	0	0.0	0	
96	2019-01-09 00:00:00	0	0	24076.470887509357	0	0	0.0	2407.647088750936	0	0	0	1.4606582854577446	12038.235443754678	35628.398529102706	0	0.0	0.0	3587.374341761156	0	0.1761684502953318	1203.823544375468	5.64878646871527	12388.70242706257	6200	0	0.0	0	620.0	0	0.8473179703072904	1238.8702427062572	0	11200.0	2000.0	0	0	0.0	400.0	0	0	1120.0	
97	2019-01-09 02:00:00	0	0	20052.120920044857	0	0	0.0	2005.2120920044858	0	0	0	2.083040592705182	10026.060460022429	29616.513387207695	0	0.0	0.0	2974.519059373307	0	0.21311076822730238	1002.6060460022429	5.815056703717039	12388.369886592565	6200	0	0.0	0	620.0	0	0.8722585055575558	1238.8369886592566	0	7200.0	2000.0	0	0	0.0	310.0	0	0	720.0	
98	2019-01-09 04:00:00	0	0	8096.149272078302	0	0	0.0	809.6149272078302	0	0	0	2.190604826553656	8096.149272078302	8098.339876904855	0	0.0	9.094947017729282e-13	805.4217529340777	0	0.1879484438713241	809.6149272078302	5.952175261194199	6194.0478247388055	6200	0	0.0	0	620.0	0	0.8928262891791299	619.4047824738806	0	1599.999999999999	1600.0	0	0	400.0000000000009	136.8	0	0	159.99999999999991	
99	2019-01-09 06:00:00	0	0	6455.641028617956	0	0	0.0	645.5641028617956	0	0	0	2.2797776580410707	6455.641028617956	6457.920806275996	0	0.0	0.0	637.0550619231057	0	0.1572779093787055	645.5641028617956	6.03746274195371	6193.962537258047	6200	0	0.0	0	620.0	0	0.9056194112930565	619.3962537258047	0.0	0	0	0	0	2000.0	0	0	0.0	0	
100	2019-01-09 08:00:00	0	0	6441.879925563061	0	0	0.0	644.1879925563062	0	0	0	4.13723576839214	6441.879925563061	6446.017161331453	0	0.0	9.094947017729282e-13	657.8123594699599	0	0.623449065944681	644.1879925563062	6.0943527298931315	6193.905647270106	6199.999999999999	0	0.0	9.094947017729282e-13	619.9999999999999	0	0.9141529094839697	619.3905647270107	0.0	0	0	0	0	2000.0	0	0	0.0	0	
101	2019-01-09 10:00:00	0	0	6444.037883672927	0	0	0.0	644.4037883672927	0	0	0	3.2520883431447007	6444.037883672927	6447.289972016071	0	0.0	9.094947017729282e-13	653.1112108002545	0	0.42899989610386013	644.4037883672927	5.612556331616921	6194.813658803802	6200.42621513542	0	0.0	9.094947017729282e-13	620.0426215135419	0	0.8418834497425381	619.4813658803803	0.0	0	0	0	0	2000.0	0	0	0.0	0	
102	2019-01-09 12:00:00	0	0	6431.441657465705	0	0	0.0	643.1441657465706	0	0	0	16.38799788655721	6431.441657465705	6447.829655352262	0	0.0	0.0	655.6649962571594	0	2.3655305532884965	643.1441657465706	0	6201.071589095275	6201.071589095275	0	0	0.0	620.1071589095275	0	0	620.1071589095276	0.0	0	0	0	0	2000.0	0	0	0.0	0	
103	2019-01-09 14:00:00	0	0	6492.608525496733	0	0	0.0	649.2608525496734	0	0	0	3.7742273276827913	6492.608525496733	6496.382752824416	0	0.0	0.0	655.9575721035745	0	0.46878969531811254	649.2608525496734	0	6201.088508846238	6201.088508846238	0	0	0.0	620.1088508846238	0	0	620.1088508846238	0.0	0	0	0	0	2000.0	0	0	0.0	0	
104	2019-01-09 16:00:00	0	0	6435.888093138012	0	0	0.0	643.5888093138012	0	0	0	5.824031152227833	6435.888093138012	6441.712124290239	0	-8.881784197001252e-16	9.094947017729282e-13	648.3205324906115	0	0.6873289041261103	643.5888093138012	8.67826810902298	6191.753084435567	6200.43135254459	0	0.0	9.094947017729282e-13	620.043135254459	0	1.301740216353447	619.1753084435568	0.0	0	0	0	0	2000.0	0	0	0.0	0	
105	2019-01-09 18:00:00	0	0	6437.161544366979	0	0	0.0	643.7161544366979	0	0	0	4.26553064449868	6437.161544366979	6441.427075011477	0	0.0	9.094947017729282e-13	663.5347883932349	0	0.7784433931230099	643.7161544366979	4.042303369372447	6195.957696630627	6199.999999999999	0	0.0	9.094947017729282e-13	619.9999999999999	0	0.6063455054058671	619.5957696630627	0.0	0	0	0	0	2000.0	0	0	0.0	0	
106	2019-01-09 20:00:00	0	0	6443.112092809831	0	0	0.0	644.3112092809831	0	0	0	2.4372004703244317	6443.112092809831	6445.549293280155	0	4.440892098500626e-16	0.0	673.6038101951605	0	0.5217524030220327	644.3112092809831	5.5214143010445325	6194.478585698956	6200	0	0.0	0	620.0	0	0.8282121451566798	619.4478585698956	0.0	0	0	0	0	2000.0	0	0	0.0	0	
107	2019-01-09 22:00:00	0	0	6450.08654375634	0	0	0.0	645.008654375634	0	0	0	2.234095875401385	6450.08654375634	6452.320639631741	0	0.0	0.0	678.228638882635	0	0.47928502628627734	645.008654375634	5.263864033058535	6194.736135966941	6200	0	0.0	0	620.0	0	0.7895796049587803	619.4736135966941	0.0	0	0	0	0	2000.0	0	0	0.0	0	
108	2019-01-10 00:00:00	0	0	24090.596562349827	0	0	0.0	2409.059656234983	0	0	0	0.2970353225230796	12045.298281174913	35634.235760045805	0	0.0	1.8189894035458565e-12	3588.551085476906	0	0.042327212340832004	1204.5298281174914	5.6797782258138465	12388.640443548373	6200	0	0.0	0	620.0	0	0.851966733872077	1238.8640443548375	0	11199.999999999998	2000.0	0	0	0.0	400.0	0	0	1119.9999999999998	
109	2019-01-10 02:00:00	0	0	20036.78967564646	0	0	0.0	2003.6789675646462	0	0	0	2.13303546296896	10018.39483782323	29608.787927761798	0	0.0	0.0	2973.3306743088415	0	0.2218488066645123	1001.8394837823231	5.869972762201351	12388.260054475597	6200	0	0.0	0	620.0	0	0.8804959143302026	1238.8260054475597	0	7200.0	2000.0	0	0	0.0	310.0	0	0	720.0	
110	2019-01-10 04:00:00	0	0	8040.609589600405	0	0	0.0	804.0609589600406	0	0	0	2.658774539358138	8040.609589600405	8043.268364139763	0	0.0	0.0	800.7118345649593	0	0.2346246125661695	804.0609589600406	6.042108206236788	6193.957891793763	6200	0	0.0	0	620.0	0	0.9063162309355182	619.3957891793764	0	1600.0	1600.0	0	0	400.0	136.8	0	0	160.0	
111	2019-01-10 06:00:00	0	0	6453.95153090571	0	0	0.0	645.3951530905711	0	0	0	2.3225612556114212	6453.95153090571	6456.274092161321	0	0.0	0.0	636.9416013682456	0	0.16252052408404088	645.3951530905711	6.1370210678788215	6193.862978932121	6200	0	0.0	0	620.0	0	0.9205531601818232	619.3862978932121	0.0	0	0	0	0	2000.0	0	0	0.0	0	
112	2019-01-10 08:00:00	0	0	6447.858894872431	0	0	0.0	644.7858894872431	0	0	0	3.2326672968546637	6447.858894872431	6451.091562169285	0	0.0	0.0	658.5907624719688	0	0.48606387522625505	644.7858894872431	6.19099994980208	6193.809000050198	6200	0	0.0	0	620.0	0	0.928649992470312	619.3809000050198	0.0	0	0	0	0	2000.0	0	0	0.0	0	
113	2019-01-10 10:00:00	0	0	6483.682065599892	0	0	0.0	648.3682065599892	0	0	0	3.7783420526883793	6483.682065599892	6487.46040765258	0	0.0	0.0	658.4564508108247	0	0.49969378610122295	648.3682065599892	5.445644098110178	6194.97817736443	6200.42382146254	0	0.0	0.0	620.042382146254	0	0.8168466147165268	619.497817736443	0.0	0	0	0	0	2000.0	0	0	0.0	0	
114	2019-01-10 12:00:00	0	0	6498.16916897485	0	0	0.0	649.816916897485	0	0	0	7.112231166289497	6498.16916897485	6505.28140014114	0	0.0	0.0	663.9399502285823	0	1.0339176411924214	649.816916897485	0	6201.158719540952	6201.158719540952	0	0	0.0	620.1158719540952	0	0	620.1158719540953	0.0	0	0	0	0	2000.0	0	0	0.0	0	
115	2019-01-10 14:00:00	0	0	6460.200707450458	0	0	0.0	646.0200707450458	0	0	0	4.753784999470103	6460.200707450458	6464.954492449929	0	8.881784197001252e-16	9.094947017729282e-13	652.1421318010487	0	0.6364610862652319	646.0200707450458	0	6201.090821606206	6201.090821606206	0	0	9.094947017729282e-13	620.1090821606206	0	0	620.1090821606207	0.0	0	0	0	0	2000.0	0	0	0.0	0	
116	2019-01-10 16:00:00	0	0	6423.462456812962	0	0	0.0	642.3462456812963	0	0	0	5.387028674688526	6423.462456812962	6428.849485487651	0	0.0	0.0	646.8150733742594	0	0.7053482519199118	642.3462456812963	7.997484639784379	6192.094977927751	6200.092462567535	0	0.0	0.0	620.0092462567535	0	1.1996226959676568	619.2094977927751	0.0	0	0	0	0	2000.0	0	0	0.0	0	
117	2019-01-10 18:00:00	0	0	6432.4496150183795	0	0	0.0	643.244961501838	0	0	0	4.702840054668075	6432.4496150183795	6437.152455073047	0	-8.881784197001252e-16	9.094947017729282e-13	662.7726892808528	0	0.859175882617391	643.244961501838	4.081010414902176	6195.918989585097	6199.999999999999	0	0.0	9.094947017729282e-13	619.9999999999999	0	0.6121515622353263	619.5918989585098	0.0	0	0	0	0	2000.0	0	0	0.0	0	
118	2019-01-10 20:00:00	0	0	6444.117170171751	0	0	0.0	644.4117170171752	0	0	0	3.214664669230819	6444.117170171751	6447.331834840982	0	0.0	0.0	673.974833733621	0	0.6819713544179908	644.4117170171752	5.404986676067676	6194.595013323932	6200	0	0.0	0	620.0	0	0.8107480014101514	619.4595013323933	0.0	0	0	0	0	2000.0	0	0	0.0	0	
119	2019-01-10 22:00:00	0	0	6445.499086438344	0	0	0.0	644.5499086438344	0	0	0	2.751203462556739	6445.499086438344	6448.250289900901	0	0.0	0.0	677.2938777151649	0	0.5878909920244736	644.5499086438344	5.214571340898762	6194.785428659101	6200	0	0.0	0	620.0	0	0.7821857011348142	619.4785428659102	0.0	0	0	0	0	2000.0	0	0	0.0	0	
120	2019-01-11 00:00:00	0	0	24106.320839378757	0	0	0.0	2410.632083937876	0	0	0	1.4606582854577446	12053.160419689379	35643.4007155669	0	0.0	0.0	3590.3631974745704	0	0.1761684502953318	1205.316041968938	5.61018120396536	12388.77963759207	6200	0	0.0	0	620.0	0	0.841527180594804	1238.877963759207	0	11200.0	2000.0	0	0	0.0	400.0	0	0	1120.0	
121	2019-01-11 02:00:00	0	0	20152.976045126168	0	0	0.0	2015.297604512617	0	0	0	2.083040592705182	10076.488022563084	29666.913956652566	0	0.0	0.0	2982.3333745676637	0	0.21311076822730238	1007.6488022563085	5.828553251611948	12388.342893496776	6200	0	0.0	0	620.0	0	0.8742829877417921	1238.8342893496776	0	7200.0	2000.0	0	0	0.0	310.0	0	0	720.0	
122	2019-01-11 04:00:00	0	0	8102.052419149314	0	0	0.0	810.2052419149314	0	0	0	2.190604826553656	8102.052419149314	8104.243023975868	0	0.0	0.0	805.9255990025074	0	0.1879484438713241	810.2052419149314	6.01238258133229	6193.9876174186675	6200	0	0.0	0	620.0	0	0.9018573871998435	619.3987617418668	0	1600.0	1600.0	0	0	400.0	136.8	0	0	160.0	
123	2019-01-11 06:00:00	0	0	6559.836996752844	0	0	0.0	655.9836996752845	0	0	0	2.2797776580410707	6559.836996752844	6562.116774410885	0	0.0	0.0	644.0235777938898	0	0.1572779093787055	655.9836996752845	6.103758737114566	6193.896241262885	6200	0	0.0	0	620.0	0	0.9155638105671848	619.3896241262886	0.0	0	0	0	0	2000.0	0	0	0.0	0	
124	2019-01-11 08:00:00	0	0	6654.236184686787	0	0	0.0	665.4236184686788	0	0	0	4.13723576839214	6654.236184686787	6658.373420455178	0	0.0	0.0	690.1776760570709	0	0.623449065944681	665.4236184686788	6.136770604990609	6193.8632293950095	6200	0	0.0	0	620.0	0	0.9205155907485914	619.386322939501	0.0	0	0	0	0	2000.0	0	0	0.0	0	
125	2019-01-11 10:00:00	0	0	6893.738312743076	0	0	0.0	689.3738312743076	0	0	0	3.652088343144701	6893.738312743076	6897.390401086221	0	0.0	0.0	713.0513581549653	0	0.48227989610386013	689.3738312743076	5.223283517928979	6195.212146678287	6200.435430196217	0	0.0	0.0	620.0435430196217	0	0.7834925276893469	619.5212146678288	0.0	0	0	0	0	2000.0	0	0	0.0	0	
126	2019-01-11 12:00:00	0	0	6824.647781141762	0	0	0.0	682.4647781141762	0	0	0	24.818127932378175	6824.647781141762	6849.46590907414	0	0.0	9.094947017729282e-13	713.5397836170231	0	3.580312292891298	682.4647781141762	0	6201.094192302957	6201.094192302957	0	0	9.094947017729282e-13	620.1094192302957	0	0	620.1094192302958	0.0	0	0	0	0	2000.0	0	0	0.0	0	
127	2019-01-11 14:00:00	0	0	6650.434131939338	0	0	0.0	665.0434131939338	0	0	0	3.7742273276827913	6650.434131939338	6654.20835926702	0	0.0	0.0	675.117162082213	0	0.46878969531811254	665.0434131939338	0	6201.10900620576	6201.10900620576	0	0	0.0	620.110900620576	0	0	620.1109006205761	0.0	0	0	0	0	2000.0	0	0	0.0	0	
128	2019-01-11 16:00:00	0	0	6748.993977304266	0	0	0.0	674.8993977304267	0	0	0	16.190753767389403	6748.993977304266	6765.184731071656	0	0.0	0.0	685.9984755417165	0	1.8960887610539494	674.8993977304267	6.21967518177976	6194.100247062569	6200.319922244349	0	0.0	0.0	620.0319922244349	0	0.9329512772669639	619.410024706257	0.0	0	0	0	0	2000.0	0	0	0.0	0	
129	2019-01-11 18:00:00	0	0	6683.980219467583	0	0	0.0	668.3980219467584	0	0	0	4.26553064449868	6683.980219467583	6688.245750112082	0	0.0	9.094947017729282e-13	707.6597056689473	0	0.7784433931230099	668.3980219467584	3.3381822643626404	6196.661817735637	6199.999999999999	0	0.0	9.094947017729282e-13	619.9999999999999	0	0.5007273396543961	619.6661817735637	0.0	0	0	0	0	2000.0	0	0	0.0	0	
130	2019-01-11 20:00:00	0	0	6530.147952702351	0	0	0.0	653.0147952702351	0	0	0	2.837200470324431	6530.147952702351	6532.985153172675	0	0.0	0.0	692.3669911388334	0	0.6080324030220328	653.0147952702351	4.685337938524952	6195.314662061475	6200	0	0.0	0	620.0	0	0.7028006907787427	619.5314662061476	0.0	0	0	0	0	2000.0	0	0	0.0	0	
131	2019-01-11 22:00:00	0	0	6511.802551447241	0	0	0.0	651.1802551447241	0	0	0	2.6340958754013855	6511.802551447241	6514.436647322643	0	0.0	0.0	692.3386115805198	0	0.5705250262862773	651.1802551447241	4.805716832357912	6195.194283167642	6200	0	0.0	0	620.0	0	0.7208575248536867	619.5194283167643	0.0	0	0	0	0	2000.0	0	0	0.0	0	
132	2019-01-12 00:00:00	0	0	24183.759689575974	0	0	0.0	2418.3759689575977	0	0	0	0.2970353225230796	12091.879844787987	35681.286179241026	0	0.0	0.0	3597.8908409786286	0	0.042327212340832004	1209.1879844787989	5.445350434739572	12389.109299130521	6200	0	0.0	0	620.0	0	0.8168025652109357	1238.9109299130523	0	11199.999999999998	2000.0	0	0	0.0	400.0	0	0	1119.9999999999998	
133	2019-01-12 02:00:00	0	0	20178.033131063923	0	0	0.0	2017.8033131063924	0	0	0	2.0650618009538304	10089.016565531962	29678.91723346984	0	0.0	0.0	2984.2357336815294	0	0.21131288905216722	1008.9016565531962	6.082196931535878	12387.835606136929	6200	0	0.0	0	620.0	0	0.9123295397303817	1238.783560613693	0	7200.0	2000.0	0	0	0.0	310.0	0	0	720.0	
134	2019-01-12 04:00:00	0	0	8110.827484463996	0	0	0.0	811.0827484463997	0	0	0	2.190604826553656	8110.827484463996	8113.01808929055	0	0.0	0.0	806.666751682641	0	0.1879484438713241	811.0827484463997	6.641031151800194	6193.3589688482	6200	0	0.0	0	620.0	0	0.996154672770029	619.33589688482	0	1600.0	1600.0	0	0	400.0	136.8	0	0	160.0	
135	2019-01-12 06:00:00	0	0	6540.842723277086	0	0	0.0	654.0842723277087	0	0	0	2.2797776580410707	6540.842723277086	6543.122500935127	0	0.0	0.0	642.7232196840132	0	0.1572779093787055	654.0842723277087	6.999263702322346	6193.000736297678	6200	0	0.0	0	620.0	0	1.0498895553483518	619.3000736297678	0.0	0	0	0	0	2000.0	0	0	0.0	0	
136	2019-01-12 08:00:00	0	0	6603.858183546576	0	0	0.0	660.3858183546577	0	0	0	3.2610777390203767	6603.858183546576	6607.119261285595	0	0.0	0.0	682.4268544183968	0	0.4899225822684242	660.3858183546577	7.287767146411067	6192.712232853589	6200	0	0.0	0	620.0	0	1.09316507196166	619.2712232853589	0.0	0	0	0	0	2000.0	0	0	0.0	0	
137	2019-01-12 10:00:00	0	0	6674.468486536225	0	0	0.0	667.4468486536225	0	0	0	3.2520883431447007	6674.468486536225	6677.720574879369	0	0.0	0.0	683.8556091503185	0	0.42899989610386013	667.4468486536225	6.9453635197910595	6193.2762476992	6200.221611218992	0	0.0	0.0	620.0221611218992	0	1.041804527968659	619.32762476992	0.0	0	0	0	0	2000.0	0	0	0.0	0	
138	2019-01-12 12:00:00	0	0	6710.701011567721	0	0	0.0	671.0701011567721	0	0	0	5.6318638467408535	6710.701011567721	6716.332875414462	0	8.881784197001252e-16	0.0	694.3502744039776	0	0.8155716381509591	671.0701011567721	0	6201.2084567629545	6201.2084567629545	0	0	9.094947017729282e-13	620.1208456762954	0	0	620.1208456762955	0.0	0	0	0	0	2000.0	0	0	0.0	0	
139	2019-01-12 14:00:00	0	0	6685.750710320571	0	0	0.0	668.5750710320572	0	0	0	3.374227327682791	6685.750710320571	6689.124937648254	0	0.0	9.094947017729282e-13	679.3547279663957	0	0.4202296953181125	668.5750710320572	0	6201.170068415999	6201.170068415999	0	0	9.094947017729282e-13	620.1170068415998	0	0	620.1170068416	0.0	0	0	0	0	2000.0	0	0	0.0	0	
140	2019-01-12 16:00:00	0	0	6525.817589337602	0	0	0.0	652.5817589337603	0	0	0	10.060929562265217	6525.817589337602	6535.878518899867	0	0.0	0.0	659.325435952856	0	1.1813512587364692	652.5817589337603	10	6190.240924751117	6200.240924751117	0	0	0.0	620.0240924751116	0	1.5	619.0240924751117	0.0	0	0	0	0	2000.0	0	0	0.0	0	
141	2019-01-12 18:00:00	0	0	6527.516788364658	0	0	0.0	652.7516788364659	0	0	0	3.86553064449868	6527.516788364658	6531.382319009157	0	0.0	0.0	679.8477769226357	0	0.7068433931230098	652.7516788364659	6.713187594892418	6193.286812405107	6200	0	0.0	0	620.0	0	1.0069781392338626	619.3286812405108	0.0	0	0	0	0	2000.0	0	0	0.0	0	
142	2019-01-12 20:00:00	0	0	6516.546453837353	0	0	0.0	651.6546453837353	0	0	0	2.4372004703244317	6516.546453837353	6518.983654307677	0	4.440892098500626e-16	0.0	689.6613060856553	0	0.5217524030220327	651.6546453837353	7.4030410673229206	6192.596958932677	6200	0	0.0	0	620.0	0	1.110456160098438	619.2596958932677	0.0	0	0	0	0	2000.0	0	0	0.0	0	
143	2019-01-12 22:00:00	0	0	6502.731713905019	0	0	0.0	650.273171390502	0	0	0	2.234095875401385	6502.731713905019	6504.96580978042	0	0.0	0.0	690.5436814818597	0	0.47928502628627734	650.273171390502	7.65792561237921	6192.34207438762	6200	0	0.0	0	620.0	0	1.1486888418568815	619.234207438762	0.0	0	0	0	0	2000.0	0	0	0.0	0	
144	2019-01-13 00:00:00	0	0	24176.08705641193	0	0	0.0	2417.608705641193	0	0	0	0.2970353225230796	12088.043528205964	35673.00950155226	0	0.0	0.0	3596.901559606886	0	0.042327212340832004	1208.8043528205965	7.6655309881131375	12384.668938023773	6200	0	0.0	0	620.0	0	1.1498296482169705	1238.4668938023774	0	11200.0	2000.0	0	0	0.0	400.0	0	0	1120.0	
145	2019-01-13 02:00:00	0	0	20195.035620769504	0	0	0.0	2019.5035620769504	0	0	0	2.13303546296896	10097.517810384752	29684.644197271562	0	0.0	0.0	2985.3578990846254	0	0.2218488066645123	1009.7517810384752	7.503324288079625	12384.99335142384	6200	0	0.0	0	620.0	0	1.1254986432119438	1238.499335142384	0	7200.0	2000.0	0	0	0.0	310.0	0	0	720.0	
146	2019-01-13 04:00:00	0	0	8121.430771770151	0	0	0.0	812.1430771770151	0	0	0	2.658774539358138	8121.430771770151	8124.089546309509	0	0.0	0.0	807.5995340056273	0	0.2346246125661695	812.1430771770151	7.594634747291124	6192.405365252709	6200	0	0.0	0	620.0	0	1.1391952120936686	619.240536525271	0	1600.0	1600.0	0	0	400.0	136.8	0	0	160.0	
147	2019-01-13 06:00:00	0	0	6530.717733369777	0	0	0.0	653.0717733369778	0	0	0	2.3225612556114212	6530.717733369777	6533.040294625389	0	0.0	0.0	642.0292582429936	0	0.16252052408404088	653.0717733369778	7.587234666010435	6192.412765333989	6200	0	0.0	0	620.0	0	1.138085199901565	619.241276533399	0.0	0	0	0	0	2000.0	0	0	0.0	0	
148	2019-01-13 08:00:00	0	0	6576.6404832527205	0	0	0.0	657.6640483252721	0	0	0	4.108825326226427	6576.6404832527205	6580.7493085789465	0	0.0	0.0	678.4250377204407	0	0.6195903589025118	657.6640483252721	7.611509408575682	6192.388490591425	6200	0	0.0	0	620.0	0	1.141726411286352	619.2388490591425	0.0	0	0	0	0	2000.0	0	0	0.0	0	
149	2019-01-13 10:00:00	0	0	6585.8881978805875	0	0	0.0	658.5888197880588	0	0	0	3.438030537438738	6585.8881978805875	6589.326228418026	0	0.0	0.0	672.0760025601838	0	0.45436429226997066	658.5888197880588	7.0073572397982105	6193.441297141485	6200.448654381283	0	0.0	0.0	620.0448654381282	0	1.0511035859697315	619.3441297141485	0.0	0	0	0	0	2000.0	0	0	0.0	0	
150	2019-01-13 12:00:00	0	0	6568.864081509833	0	0	0.0	656.8864081509834	0	0	0	8.768310046844006	6568.864081509833	6577.632391556677	0	0.0	0.0	674.3663806334476	0	1.2725586078803264	656.8864081509834	0	6201.143922672781	6201.143922672781	0	0	0.0	620.114392267278	0	0	620.1143922672782	0.0	0	0	0	0	2000.0	0	0	0.0	0	
151	2019-01-13 14:00:00	0	0	6620.537346253616	0	0	0.0	662.0537346253617	0	0	0	4.353784999470102	6620.537346253616	6624.891131253085	0	8.881784197001252e-16	0.0	671.561119904531	0	0.587901086265232	662.0537346253617	0	6200.965580822143	6200.965580822143	0	0	0.0	620.0965580822143	0	0	620.0965580822144	0.0	0	0	0	0	2000.0	0	0	0.0	0	
152	2019-01-13 16:00:00	0	0	6602.718480323964	0	0	0.0	660.2718480323965	0	0	0	4.938811360199402	6602.718480323964	6607.657291684163	0	0.0	0.0	667.6921606764187	0	0.6530861130504801	660.2718480323965	10	6190.402381563541	6200.402381563541	0	0	0.0	620.0402381563541	0	1.5	619.0402381563541	0.0	0	0	0	0	2000.0	0	0	0.0	0	
153	2019-01-13 18:00:00	0	0	6584.589321538485	0	0	0.0	658.4589321538485	0	0	0	4.302840054668074	6584.589321538485	6588.892161593154	0	-8.881784197001252e-16	0.0	689.9862631497592	0	0.7875758826173909	658.4589321538485	4.7413446149971445	6195.258655385003	6200	0	0.0	0	620.0	0	0.7112016922495717	619.5258655385004	0.0	0	0	0	0	2000.0	0	0	0.0	0	
154	2019-01-13 20:00:00	0	0	6565.483135675798	0	0	0.0	656.5483135675798	0	0	0	3.214664669230819	6565.483135675798	6568.697800345029	0	0.0	0.0	700.2619373010087	0	0.6819713544179908	656.5483135675798	6.342452606621519	6193.657547393378	6200	0	0.0	0	620.0	0	0.9513678909932278	619.3657547393378	0.0	0	0	0	0	2000.0	0	0	0.0	0	
155	2019-01-13 22:00:00	0	0	6516.449431872382	0	0	0.0	651.6449431872383	0	0	0	2.751203462556739	6516.449431872382	6519.200635334939	0	0.0	0.0	693.5681767597248	0	0.5878909920244736	651.6449431872383	5.921247773810885	6194.078752226189	6200	0	0.0	0	620.0	0	0.8881871660716327	619.4078752226189	0.0	0	0	0	0	2000.0	0	0	0.0	0	
156	2019-01-14 00:00:00	0	0	24197.828871879858	0	0	0.0	2419.782887187986	0	0	0	1.4606582854577446	12098.914435939929	35687.89936743656	0	0.0	0.0	3599.4512325056357	0	0.1761684502953318	1209.891443593993	6.237863394412867	12387.524273211175	6200	0	0.0	0	620.0	0	0.93567950916193	1238.7524273211175	0	11199.999999999998	2000.0	0	0	0.0	400.0	0	0	1119.9999999999998	
157	2019-01-14 02:00:00	0	0	20156.52436988028	0	0	0.0	2015.652436988028	0	0	0	2.083040592705182	10078.26218494014	29667.811139679732	0	0.0	0.0	2982.5447887332402	0	0.21311076822730238	1007.826218494014	6.267042926556556	12387.465914146887	6200	0	0.0	0	620.0	0	0.9400564389834833	1238.7465914146887	0	7200.0	2000.0	0	0	0.0	310.0	0	0	720.0	
158	2019-01-14 04:00:00	0	0	8084.712409707918	0	0	0.0	808.4712409707918	0	0	0	2.190604826553656	8084.712409707918	8086.9030145344705	0	0.0	0.0	804.4385577909533	0	0.1879484438713241	808.4712409707918	6.320686327179366	6193.679313672821	6200	0	0.0	0	620.0	0	0.9481029490769048	619.3679313672822	0	1600.0	1600.0	0	0	400.0	136.8	0	0	160.0	
159	2019-01-14 06:00:00	0	0	6504.778737789878	0	0	0.0	650.4778737789878	0	0	0	2.2797776580410707	6504.778737789878	6507.058515447919	0	0.0	0.0	640.3328678319383	0	0.1572779093787055	650.4778737789878	6.324678293881696	6193.675321706119	6200	0	0.0	0	620.0	0	0.9487017440822544	619.3675321706119	0.0	0	0	0	0	2000.0	0	0	0.0	0	
160	2019-01-14 08:00:00	0	0	6519.06164231156	0	0	0.0	651.906164231156	0	0	0	3.2610777390203767	6519.06164231156	6522.32272005058	0	0.0	0.0	669.4533324140679	0	0.4899225822684242	651.906164231156	6.323470961057645	6193.676529038942	6200	0	0.0	0	620.0	0	0.9485206441586468	619.3676529038943	0.0	0	0	0	0	2000.0	0	0	0.0	0	
161	2019-01-14 10:00:00	0	0	6513.42164940271	0	0	0.0	651.342164940271	0	0	0	3.2520883431447007	6513.42164940271	6516.673737745854	0	0.0	9.094947017729282e-13	662.3662948379006	0	0.42899989610386013	651.342164940271	6.037359559940506	6194.417079212266	6200.454438772206	0	0.0	9.094947017729282e-13	620.0454438772206	0	0.9056039339910759	619.4417079212267	0.0	0	0	0	0	2000.0	0	0	0.0	0	
162	2019-01-14 12:00:00	0	0	6520.683120607843	0	0	0.0	652.0683120607844	0	0	0	6.768800988430572	6520.683120607843	6527.451921596274	0	0.0	0.0	667.1342559058653	0	0.9794042802684476	652.0683120607844	0	6201.169296965027	6201.169296965027	0	0	0.0	620.1169296965027	0	0	620.1169296965027	0.0	0	0	0	0	2000.0	0	0	0.0	0	
163	2019-01-14 14:00:00	0	0	6561.091468291323	0	0	0.0	656.1091468291323	0	0	0	3.374227327682791	6561.091468291323	6564.465695619005	0	0.0	0.0	664.2223573293853	0	0.4202296953181125	656.1091468291323	0	6201.111127044959	6201.111127044959	0	0	0.0	620.1111127044959	0	0	620.111112704496	0.0	0	0	0	0	2000.0	0	0	0.0	0	
164	2019-01-14 16:00:00	0	0	6485.370842426819	0	0	0.0	648.5370842426819	0	0	0	10.09407896597649	6485.370842426819	6495.464921392795	0	0.0	9.094947017729282e-13	654.6100191582497	0	1.1852164792092035	648.5370842426819	10	6190.433173262057	6200.433173262057	0	0	9.094947017729282e-13	620.0433173262056	0	1.5	619.0433173262057	0.0	0	0	0	0	2000.0	0	0	0.0	0	
165	2019-01-14 18:00:00	0	0	6509.049783282399	0	0	0.0	650.90497832824	0	0	0	3.86553064449868	6509.049783282399	6512.915313926897	0	0.0	0.0	676.3895702096838	0	0.7068433931230098	650.90497832824	4.781379959102012	6195.218620040898	6200	0	0.0	0	620.0	0	0.7172069938653018	619.5218620040898	0.0	0	0	0	0	2000.0	0	0	0.0	0	
166	2019-01-14 20:00:00	0	0	6542.150112367903	0	0	0.0	654.2150112367904	0	0	0	2.4372004703244317	6542.150112367903	6544.587312838227	0	4.440892098500626e-16	0.0	695.0403497260107	0	0.5217524030220327	654.2150112367904	6.161334025973148	6193.838665974027	6200	0	0.0	0	620.0	0	0.9242001038959722	619.3838665974027	0.0	0	0	0	0	2000.0	0	0	0.0	0	
167	2019-01-14 22:00:00	0	0	6606.260484302509	0	0	0.0	660.626048430251	0	0	0	2.234095875401385	6606.260484302509	6608.49458017791	0	0.0	0.0	713.9243152712714	0	0.47928502628627734	660.626048430251	5.829051777439646	6194.170948222561	6200	0	0.0	0	620.0	0	0.8743577666159469	619.4170948222561	0.0	0	0	0	0	2000.0	0	0	0.0	0	
