simulation_time	physical_time	Enedis.energy_sold_inside	Enedis.energy_sold_outside	Enedis.energy_bought_inside	Enedis.energy_bought_outside	Enedis.energy_erased_consumption	Enedis.energy_erased_production	Enedis.money_spent_inside	Enedis.money_spent_outside	Enedis.money_earned_inside	Enedis.money_earned_outside	general_aggregator.energy_sold_inside	general_aggregator.energy_sold_outside	general_aggregator.energy_bought_inside	general_aggregator.energy_bought_outside	general_aggregator.energy_erased_consumption	general_aggregator.energy_erased_production	general_aggregator.money_spent_inside	general_aggregator.money_spent_outside	general_aggregator.money_earned_inside	general_aggregator.money_earned_outside	Local_DHN.energy_sold_inside	Local_DHN.energy_sold_outside	Local_DHN.energy_bought_inside	Local_DHN.energy_bought_outside	Local_DHN.energy_erased_consumption	Local_DHN.energy_erased_production	Local_DHN.money_spent_inside	Local_DHN.money_spent_outside	Local_DHN.money_earned_inside	Local_DHN.money_earned_outside	gas_aggregator.energy_sold_inside	gas_aggregator.energy_sold_outside	gas_aggregator.energy_bought_inside	gas_aggregator.energy_bought_outside	gas_aggregator.energy_erased_consumption	gas_aggregator.energy_erased_production	gas_aggregator.money_spent_inside	gas_aggregator.money_spent_outside	gas_aggregator.money_earned_inside	gas_aggregator.money_earned_outside	
0	2019-01-01 00:00:00	0	0	6897.1049591706	0	0	0.0	689.71049591706	0	0	0	0.6990777390203766	6897.1049591706	6897.804036909619	0	0.0	0.0	701.0341303750969	0	0.12633145399056173	689.71049591706	3.7332299317299817	6785.26677006827	6789.0	0	0.0	0.0	678.9	0	0.5599844897594972	678.526677006827	0	0	0	0	0	2190.0	0	0	0.0	0	
1	2019-01-01 02:11:24	0	0	6883.907545667343	0	0	0.0	688.3907545667344	0	0	0	0.6825412018077106	6883.907545667343	6884.590086869151	0	0.0	0.0	693.8801414511051	0	0.10035530177541133	688.3907545667344	2.9759633888497867	6786.02403661115	6789.0	0	0.0	0.0	678.9	0	0.446394508327468	678.6024036611151	0	0	0	0	0	2190.0	0	0	0.0	0	
2	2019-01-01 04:22:48	0	0	6882.125663160728	0	0	0.0	688.2125663160729	0	0	0	1.3326622139337354	6882.125663160728	6883.458325374662	0	2.220446049250313e-16	0.0	686.9259447461674	0	0.12423997226692096	688.2125663160729	3.4649705769881534	6785.535029423012	6789.0	0	0.0	0.0	678.9	0	0.519745586548223	678.5535029423013	0	0	0	0	0	2190.0	0	0	0.0	0	
3	2019-01-01 06:34:12	0	0	6893.562476898206	0	0	0.0	689.3562476898206	0	0	0	0.8450714548392168	6893.562476898206	6894.407548353045	0	0.0	0.0	685.8332909786776	0	0.06486665242631989	689.3562476898206	3.5792751100053226	6785.420724889995	6789.0	0	0.0	0.0	678.9	0	0.5368912665007983	678.5420724889996	0	0	0	0	0	2190.0	0	0	0.0	0	
4	2019-01-01 08:45:36	0	0	6901.4840352320925	0	0	0.0	690.1484035232093	0	0	0	1.5944116902412375	6901.4840352320925	6903.078446922333	0	2.220446049250313e-16	0.0	696.4799281951449	0	0.1864630203265155	690.1484035232093	3.7094061866635815	6785.290593813336	6789.0	0	0.0	0.0	678.9	0	0.5564109279995372	678.5290593813337	0	0	0	0	0	2190.0	0	0	0.0	0	
5	2019-01-01 10:57:00	0	0	6898.464120373307	0	0	0.0	689.8464120373308	0	0	0	0.764166891958135	6898.464120373307	6899.228287265265	0	0.0	9.094947017729282e-13	693.5681543287707	0	0.09611651909044733	689.8464120373308	0	6789.4293233422495	6789.4293233422495	0	0	9.094947017729282e-13	678.9429323342249	0	0	678.942932334225	0	0	0	0	0	2190.0	0	0	0.0	0	
6	2019-01-01 13:08:24	0	0	6879.151753438061	0	0	0.0	687.9151753438061	0	0	0	5.541227703017117	6879.151753438061	6884.692981141078	0	8.881784197001252e-16	9.094947017729282e-13	692.9022554904323	0	0.9136751312773057	687.9151753438061	3.229548457174518	6787.05074818239	6790.280296639564	0	0.0	9.094947017729282e-13	679.0280296639563	0	0.4844322685761777	678.705074818239	0	0	0	0	0	2190.0	0	0	0.0	0	
7	2019-01-01 15:19:48	0	0	6892.982244729138	0	0	0.0	689.2982244729138	0	0	0	1.1905030817305151	6892.982244729138	6894.172747810869	0	0.0	9.094947017729282e-13	691.8782891115549	0	0.18546899283384427	689.2982244729138	0.4573278556264294	6789.001195226767	6789.458523082393	0	0.0	9.094947017729282e-13	678.9458523082393	0	0.06859917834396441	678.9001195226767	0	0	0	0	0	2190.0	0	0	0.0	0	
8	2019-01-01 17:31:12	0	0	6869.630871498793	0	0	0.0	686.9630871498794	0	0	0	0.8091138713365137	6869.630871498793	6870.439985370129	0	-1.1102230246251565e-16	0.0	688.7515994754176	0	0.11464998882683923	686.9630871498794	1.8576213813211429	6787.142378618679	6789.0	0	0.0	0.0	678.9	0	0.2786432071981714	678.7142378618679	0	0	0	0	0	2190.0	0	0	0.0	0	
9	2019-01-01 19:42:36	0	0	6869.797366894768	0	0	0.0	686.9797366894768	0	0	0	0.6706672968546639	6869.797366894768	6870.468034191622	0	0.0	0.0	697.1058720433549	0	0.1451387376137559	686.9797366894768	2.218060851577581	6786.781939148423	6789.0	0	0.0	0.0	678.9	0	0.33270912773663713	678.6781939148423	0	0	0	0	0	2190.0	0	0	0.0	0	
10	2019-01-01 21:54:00	0	0	6875.497200585817	0	0	0.0	687.5497200585818	0	0	0	0.6526885051033123	6875.497200585817	6876.149889090921	0	-1.1102230246251565e-16	0.0	697.1061682202198	0	0.13353418767093608	687.5497200585818	2.813895848679415	6786.18610415132	6789.0	0	0.0	0.0	678.9	0	0.42208437730191223	678.618610415132	0	0	0	0	0	2190.0	0	0	0.0	0	
11	2019-01-02 00:05:24	0	0	6917.953973190277	0	0	0.0	691.7953973190278	0	0	0	0.9299669126927922	6917.953973190277	6918.88394010297	0	-1.1102230246251565e-16	0.0	705.2282957844569	0	0.16981246996234212	691.7953973190278	3.5150776386301037	6785.48492236137	6789.0	0	0.0	0.0	678.9	0	0.5272616457945155	678.548492236137	0	0	0	0	0	2190.0	0	0	0.0	0	
12	2019-01-02 02:16:48	0	0	6941.535051834128	0	0	0.0	694.1535051834129	0	0	0	2.309819415233889	6941.535051834128	6943.844871249362	0	-4.440892098500626e-16	0.0	703.1299885415883	0	0.31649100041563094	694.1535051834129	4.1642454170378755	6784.835754582962	6789.0	0	0.0	0.0	678.9	0	0.6246368125556813	678.4835754582963	0	0	0	0	0	2190.0	0	0	0.0	0	
13	2019-01-02 04:28:12	0	0	6946.509577864249	0	0	0.0	694.6509577864249	0	0	0	1.8688549787355637	6946.509577864249	6948.378432842985	0	2.220446049250313e-16	0.0	692.4614410248573	0	0.17321276342221242	694.6509577864249	4.511378152965329	6784.488621847035	6789.0	0	0.0	0.0	678.9	0	0.6767067229447993	678.4488621847036	0	0	0	0	0	2190.0	0	0	0.0	0	
14	2019-01-02 06:39:36	0	0	6936.32214190265	0	0	0.0	693.6322141902651	0	0	0	1.8088137166832046	6936.32214190265	6938.130955619334	0	2.220446049250313e-16	0.0	688.7190669788295	0	0.14838414596671415	693.6322141902651	4.76718888531626	6784.2328111146835	6789.0	0	0.0	0.0	678.9	0	0.715078332797439	678.4232811114684	0	0	0	0	0	2190.0	0	0	0.0	0	
15	2019-01-02 08:51:00	0	0	6930.088120070811	0	0	0.0	693.0088120070811	0	0	0	1.6419567000356419	6930.088120070811	6931.730076770847	0	4.440892098500626e-16	0.0	700.6520636998771	0	0.21207960923071367	693.0088120070811	0	6789.0	6789.0	0	0	0.0	678.9	0	0	678.9000000000001	0	0	0	0	0	2190.0	0	0	0.0	0	
16	2019-01-02 11:02:24	0	0	6888.521602354246	0	0	0.0	688.8521602354247	0	0	0	59.35057664266766	6888.521602354246	6947.872178996914	0	-7.105427357601002e-15	9.094947017729282e-13	699.1321432879948	0	7.4472718671606355	688.8521602354247	7.628922091679136	6781.399941897163	6789.028863988842	0	0.0	9.094947017729282e-13	678.9028863988842	0	1.1443383137518703	678.1399941897164	0	0	0	0	0	2190.0	0	0	0.0	0	
17	2019-01-02 13:13:48	0	0	6935.705257230283	0	0	0.0	693.5705257230284	0	0	0	2.363573276554502	6935.705257230283	6938.068830506837	0	4.440892098500626e-16	0.0	700.7071135809591	0	0.40697946532175905	693.5705257230284	2.918626107159809	6786.08137389284	6789.0	0	0.0	0.0	678.9	0	0.4377939160739714	678.608137389284	0	0	0	0	0	2190.0	0	0	0.0	0	
18	2019-01-02 15:25:12	0	0	6917.556265689797	0	0	0.0	691.7556265689798	0	0	0	2.7346721018955886	6917.556265689797	6920.290937791693	0	0.0	0.0	695.1991373100137	0	0.4903250121189569	691.7556265689798	4.1810079708863785	6784.818992029113	6789.0	0	0.0	0.0	678.9	0	0.6271511956329567	678.4818992029113	0	0	0	0	0	2190.0	0	0	0.0	0	
19	2019-01-02 17:36:36	0	0	6899.64948613571	0	0	0.0	689.964948613571	0	0	0	0.5703416876835452	6899.64948613571	6900.219827823393	0	0.0	0.0	692.3854451575899	0	0.0722994582264483	689.964948613571	4.0710197498071805	6784.928980250193	6789.0	0	0.0	0.0	678.9	0	0.610652962471077	678.4928980250193	0	0	0	0	0	2190.0	0	0	0.0	0	
20	2019-01-02 19:48:00	0	0	6910.535307663873	0	0	0.0	691.0535307663873	0	0	0	0.7274881811860893	6910.535307663873	6911.262795845059	0	0.0	0.0	706.3742585559115	0	0.1572875247501585	691.0535307663873	4.592270472791355	6784.407729527209	6789.0	0	0.0	0.0	678.9	0	0.6888405709187032	678.440772952721	0	0	0	0	0	2190.0	0	0	0.0	0	
21	2019-01-02 21:59:24	0	0	6928.531853555769	0	0	0.0	692.8531853555769	0	0	0	0.708788262165395	6928.531853555769	6929.240641817934	0	-1.1102230246251565e-16	0.0	708.2382313541326	0	0.14491436271524544	692.8531853555769	4.917340858265431	6784.082659141734	6789.0	0	0.0	0.0	678.9	0	0.7376011287398146	678.4082659141735	0	0	0	0	0	2190.0	0	0	0.0	0	
22	2019-01-03 00:10:48	0	0	6944.500466787822	0	0	0.0	694.4500466787822	0	0	0	0.6900883431447008	6944.500466787822	6945.1905551309665	0	-1.1102230246251565e-16	0.0	710.6736410713768	0	0.12543251440299413	694.4500466787822	5.355300451833608	6783.6446995481665	6789.0	0	0.0	0.0	678.9	0	0.8032950677750411	678.3644699548167	0	0	0	0	0	2190.0	0	0	0.0	0	
23	2019-01-03 02:22:12	0	0	6912.843960401925	0	0	0.0	691.2843960401925	0	0	0	0.6361519678906464	6912.843960401925	6913.480112369815	0	0.0	0.0	698.5021970798928	0	0.09464822083775287	691.2843960401925	5.595993864934554	6783.404006135065	6789.0	0	0.0	0.0	678.9	0	0.8393990797401831	678.3404006135065	0	0	0	0	0	2190.0	0	0	0.0	0	
24	2019-01-03 04:33:36	0	0	6939.543102895136	0	0	0.0	693.9543102895136	0	0	0	0.6990777390203766	6939.543102895136	6940.242180634156	0	0.0	0.0	691.7490770265548	0	0.06172634028920168	693.9543102895136	5.664097770043629	6783.335902229956	6789.0	0	0.0	0.0	678.9	0	0.8496146655065443	678.3335902229957	0	0	0	0	0	2190.0	0	0	0.0	0	
25	2019-01-03 06:45:00	0	0	6980.036103109542	0	0	0.0	698.0036103109542	0	0	0	0.6825412018077106	6980.036103109542	6980.71864431135	0	0.0	0.0	691.7259773044293	0	0.04893504543926938	698.0036103109542	0	6789.0	6789.0	0	0	0.0	678.9	0	0	678.9000000000001	0	0	0	0	0	2190.0	0	0	0.0	0	
26	2019-01-03 08:56:24	0	0	7069.5214057823	0	0	0.0	706.95214057823	0	0	0	1.426390756306113	7069.5214057823	7070.947796538606	0	0.0	0.0	722.3605231145555	0	0.1801694480941043	706.95214057823	9.383185535721159	6779.616814464279	6789.0	0	0.0	0.0	678.9	0	1.4074778303581739	677.961681446428	0	0	0	0	0	2190.0	0	0	0.0	0	
27	2019-01-03 11:07:48	0	0	7089.082347831969	0	0	0.0	708.9082347831969	0	0	0	0.9387999972115941	7089.082347831969	7090.021147829179	0	-1.1102230246251565e-16	0.0	716.9127136122755	0	0.11181322914243819	708.9082347831969	3.0009728621874014	6786.93307007602	6789.934042938207	0	0.0	0.0	678.9934042938207	0	0.4501459293281102	678.693307007602	0	0	0	0	0	2190.0	0	0	0.0	0	
28	2019-01-03 13:19:12	0	0	7005.214337144111	0	0	0.0	700.5214337144112	0	0	0	1.5944116902412375	7005.214337144111	7006.808748834351	0	2.220446049250313e-16	0.0	710.6518655188885	0	0.29072598153850343	700.5214337144112	2.941480836480858	6787.183404441104	6790.124885277585	0	0.0	0.0	679.0124885277585	0	0.44122212547212863	678.7183404441105	0	0	0	0	0	2190.0	0	0	0.0	0	
29	2019-01-03 15:30:36	0	0	6931.371258220944	0	0	0.0	693.1371258220944	0	0	0	0.764166891958135	6931.371258220944	6932.135425112901	0	0.0	0.0	696.6045866443869	0	0.10738136122509234	693.1371258220944	2.1900370415893686	6787.219009168602	6789.409046210191	0	0.0	0.0	678.9409046210191	0	0.32850555623840527	678.7219009168602	0	0	0	0	0	2190.0	0	0	0.0	0	
30	2019-01-03 17:42:00	0	0	6884.935649761971	0	0	0.0	688.4935649761971	0	0	0	2.5419038935339042	6884.935649761971	6887.477553655505	0	-4.440892098500626e-16	0.0	690.8246061786152	0	0.4635239530364043	688.4935649761971	2.832242103744632	6786.167757896255	6789.0	0	0.0	0.0	678.9	0	0.42483631556169477	678.6167757896255	0	0	0	0	0	2190.0	0	0	0.0	0	
31	2019-01-03 19:53:24	0	0	6881.324192679346	0	0	0.0	688.1324192679347	0	0	0	1.0967745393581376	6881.324192679346	6882.420967218704	0	0.0	0.0	699.8888452772478	0	0.23134094895209753	688.1324192679347	3.473779498246121	6785.526220501754	6789.0	0	0.0	0.0	678.9	0	0.5210669247369182	678.5526220501755	0	0	0	0	0	2190.0	0	0	0.0	0	
32	2019-01-03 22:04:48	0	0	6886.9413405114265	0	0	0.0	688.6941340511427	0	0	0	0.8091138713365137	6886.9413405114265	6887.750454382762	0	-1.1102230246251565e-16	0.0	701.9484069388084	0	0.17849642547330308	688.6941340511427	4.086091288837687	6784.913908711163	6789.0	0	0.0	0.0	678.9	0	0.612913693325653	678.4913908711163	0	0	0	0	0	2190.0	0	0	0.0	0	
33	2019-01-04 00:16:12	0	0	6940.075105681158	0	0	0.0	694.0075105681158	0	0	0	0.6706672968546639	6940.075105681158	6940.745772978013	0	0.0	0.0	709.7208930080863	0	0.12154830514498674	694.0075105681158	4.717384124838152	6784.282615875162	6789.0	0	0.0	0.0	678.9	0	0.7076076187257229	678.4282615875163	0	0	0	0	0	2190.0	0	0	0.0	0	
34	2019-01-04 02:27:36	0	0	6953.448573737481	0	0	0.0	695.3448573737481	0	0	0	0.6526885051033123	6953.448573737481	6954.101262242584	0	-1.1102230246251565e-16	0.0	704.7838273602006	0	0.09523371701306743	695.3448573737481	5.329667501815259	6783.6703324981845	6789.0	0	0.0	0.0	678.9	0	0.7994501252722889	678.3670332498185	0	0	0	0	0	2190.0	0	0	0.0	0	
35	2019-01-04 04:39:00	0	0	6944.999682164955	0	0	0.0	694.4999682164955	0	0	0	0.7180214716957245	6944.999682164955	6945.71770363665	0	0.0	0.0	692.2993636609336	0	0.06373706815353583	694.4999682164955	0	6789.0	6789.0	0	0	0.0	678.9	0	0	678.9000000000001	0	0	0	0	0	2190.0	0	0	0.0	0	
36	2019-01-04 06:50:24	0	0	6997.762085899252	0	0	0.0	699.7762085899253	0	0	0	1.9655479576062669	6997.762085899252	6999.727633856858	0	-2.220446049250313e-16	0.0	692.6729122207022	0	0.1564892746565881	699.7762085899253	9.81167626349158	6779.188323736508	6789.0	0	0.0	0.0	678.9	0	1.471751439523737	677.9188323736508	0	0	0	0	0	2190.0	0	0	0.0	0	
37	2019-01-04 09:01:48	0	0	7040.278956987586	0	0	0.0	704.0278956987586	0	0	0	2.8253375856077345	7040.278956987586	7043.104294573193	0	-8.881784197001252e-16	0.0	712.22673357014	0	0.3406563107594154	704.0278956987586	4.721090316614464	6784.401545788206	6789.12263610482	0	0.0	0.0	678.912263610482	0	0.7081635474921696	678.4401545788206	0	0	0	0	0	2190.0	0	0	0.0	0	
38	2019-01-04 11:13:12	0	0	7096.274670223664	0	0	0.0	709.6274670223664	0	0	0	2.035397095569956	7096.274670223664	7098.310067319234	0	0.0	0.0	718.0140307967775	0	0.23507823637469882	709.6274670223664	5.095663716416626	6784.784241079612	6789.879904796028	0	0.0	0.0	678.9879904796028	0	0.7643495574624938	678.4784241079612	0	0	0	0	0	2190.0	0	0	0.0	0	
39	2019-01-04 13:24:36	0	0	7132.797114827624	0	0	0.0	713.2797114827624	0	0	0	1.6419567000356419	7132.797114827624	7134.439071527659	0	4.440892098500626e-16	0.0	729.2302692642851	0	0.27849700638494584	713.2797114827624	3.537321453464269	6786.721844401687	6790.259165855151	0	0.0	0.0	679.0259165855151	0	0.5305982180196404	678.6721844401687	0	0	0	0	0	2190.0	0	0	0.0	0	
40	2019-01-04 15:36:00	0	0	7143.545018457293	0	0	0.0	714.3545018457294	0	0	0	2.2280455551368132	7143.545018457293	7145.773064012429	0	0.0	0.0	722.9859741210294	0	0.38304909418393446	714.3545018457294	3.3459008921633644	6786.428289662583	6789.774190554746	0	0.0	0.0	678.9774190554746	0	0.5018851338245046	678.6428289662583	0	0	0	0	0	2190.0	0	0	0.0	0	
41	2019-01-04 17:47:24	0	0	7131.11732113804	0	0	0.0	713.111732113804	0	0	0	1.9375003780378186	7131.11732113804	7133.054821516078	0	2.220446049250313e-16	0.0	720.4383248511115	0	0.3256595449565498	713.111732113804	3.8887248011724203	6785.111275198828	6789.0	0	0.0	0.0	678.9	0	0.583308720175863	678.5111275198828	0	0	0	0	0	2190.0	0	0	0.0	0	
42	2019-01-04 19:58:48	0	0	7105.298415989898	0	0	0.0	710.5298415989898	0	0	0	2.7346721018955886	7105.298415989898	7108.033088091794	0	0.0	0.0	749.692323140958	0	0.5618627499725285	710.5298415989898	4.50280485145703	6784.497195148543	6789.0	0	0.0	0.0	678.9	0	0.6754207277185544	678.4497195148543	0	0	0	0	0	2190.0	0	0	0.0	0	
43	2019-01-04 22:10:12	0	0	7085.6751817180475	0	0	0.0	708.5675181718047	0	0	0	0.5703416876835452	7085.6751817180475	7086.24552340573	0	0.0	0.0	747.3364115115868	0	0.1288319288400842	708.5675181718047	4.954782378919808	6784.04521762108	6789.0	0	0.0	0.0	678.9	0	0.7432173568379712	678.4045217621081	0	0	0	0	0	2190.0	0	0	0.0	0	
44	2019-01-05 00:21:36	0	0	7080.075239825118	0	0	0.0	708.0075239825119	0	0	0	0.7274881811860893	7080.075239825118	7080.802728006304	0	0.0	0.0	737.7991402386306	0	0.13111460283613668	708.0075239825119	5.385946373695499	6783.614053626305	6789.0	0	0.0	0.0	678.9	0	0.8078919560543248	678.3614053626305	0	0	0	0	0	2190.0	0	0	0.0	0	
45	2019-01-05 02:33:00	0	0	7106.428859061434	0	0	0.0	710.6428859061434	0	0	0	0.708788262165395	7106.428859061434	7107.1376473236	0	-1.1102230246251565e-16	0.0	728.2113353351581	0	0.10244592903820376	710.6428859061434	0	6789.0	6789.0	0	0	0.0	678.9	0	0	678.9000000000001	0	0	0	0	0	2190.0	0	0	0.0	0	
46	2019-01-05 04:44:24	0	0	7116.196339421234	0	0	0.0	711.6196339421235	0	0	0	0.7838168855170783	7116.196339421234	7116.98015630675	0	-1.1102230246251565e-16	0.0	706.808799696686	0	0.06884119107447238	711.6196339421235	9.207149485598793	6779.792850514401	6789.0	0	0.0	0.0	678.9	0	1.3810724228398188	677.9792850514401	0	0	0	0	0	2190.0	0	0	0.0	0	
47	2019-01-05 06:55:48	0	0	7109.488534423777	0	0	0.0	710.9488534423778	0	0	0	0.6640702300559226	7109.488534423777	7110.152604653833	0	0.0	0.0	700.2340227198592	0	0.04591404340816556	710.9488534423778	4.564547778916796	6784.435452221082	6788.999999999999	0	0.0	9.094947017729282e-13	678.9	0	0.6846821668375194	678.4435452221082	0	0	0	0	0	2190.0	0	0	0.0	0	
48	2019-01-05 09:07:12	0	0	7108.103567510904	0	0	0.0	710.8103567510905	0	0	0	2.4466757675886095	7108.103567510904	7110.5502432784915	0	0.0	0.0	721.0724827960742	0	0.3151346470263416	710.8103567510905	5.822475179590767	6783.1823194802955	6789.004794659886	0	0.0	0.0	678.9004794659885	0	0.873371276938615	678.3182319480296	0	0	0	0	0	2190.0	0	0	0.0	0	
49	2019-01-05 11:18:36	0	0	7135.523895417934	0	0	0.0	713.5523895417934	0	0	0	0.708788262165395	7135.523895417934	7136.232683680099	0	-1.1102230246251565e-16	0.0	722.7888459390459	0	0.08585885137372927	713.5523895417934	4.756319518016844	6785.061129234277	6789.817448752294	0	0.0	0.0	678.9817448752293	0	0.7134479277025266	678.5061129234277	0	0	0	0	0	2190.0	0	0	0.0	0	
50	2019-01-05 13:30:00	0	0	7117.883657142177	0	0	0.0	711.7883657142178	0	0	0	0.6900883431447008	7117.883657142177	7118.5737454853215	0	-1.1102230246251565e-16	0.0	726.9592943008249	0	0.10721033930060606	711.7883657142178	4.240115547533149	6785.9323412498	6790.172456797332	0	0.0	0.0	679.0172456797332	0	0.6360173321299724	678.59323412498	0	0	0	0	0	2190.0	0	0	0.0	0	
51	2019-01-05 15:41:24	0	0	7103.9908051757175	0	0	0.0	710.3990805175717	0	0	0	0.6361519678906464	7103.9908051757175	7104.626957143607	0	0.0	0.0	717.921631720542	0	0.08400985463031986	710.3990805175717	3.9327503857978683	6785.8690081615105	6789.801758547308	0	0.0	0.0	678.9801758547308	0	0.5899125578696802	678.5869008161511	0	0	0	0	0	2190.0	0	0	0.0	0	
52	2019-01-05 17:52:48	0	0	7141.235020320016	0	0	0.0	714.1235020320016	0	0	0	0.6990777390203766	7141.235020320016	7141.934098059036	0	0.0	0.0	721.5156592291717	0	0.0949587221336987	714.1235020320016	4.248800636964023	6784.751199363036	6789.0	0	0.0	0.0	678.9	0	0.6373200955446034	678.4751199363036	0	0	0	0	0	2190.0	0	0	0.0	0	
53	2019-01-05 20:04:12	0	0	7176.260012570079	0	0	0.0	717.6260012570079	0	0	0	0.6825412018077106	7176.260012570079	7176.942553771887	0	0.0	0.0	763.1390691407482	0	0.145671668562194	717.6260012570079	4.838896215662793	6784.161103784337	6789.0	0	0.0	0.0	678.9	0	0.7258344323494189	678.4161103784337	0	0	0	0	0	2190.0	0	0	0.0	0	
54	2019-01-05 22:15:36	0	0	7128.914974297379	0	0	0.0	712.8914974297379	0	0	0	1.3326622139337354	7128.914974297379	7130.2476365113125	0	2.220446049250313e-16	0.0	757.4181581350388	0	0.28402469109387246	712.8914974297379	5.305013636287181	6783.694986363713	6789.0	0	0.0	0.0	678.9	0	0.7957520454430771	678.3694986363713	0	0	0	0	0	2190.0	0	0	0.0	0	
55	2019-01-06 00:27:00	0	0	7094.505543807071	0	0	0.0	709.4505543807072	0	0	0	0.6355269732784855	7094.505543807071	7095.14107078035	0	0.0	0.0	740.1282141560702	0	0.10193508620380504	709.4505543807072	0	6789.0	6789.0	0	0	0.0	678.9	0	0	678.9000000000001	0	0	0	0	0	2190.0	0	0	0.0	0	
56	2019-01-06 02:38:24	0	0	7071.13864249771	0	0	0.0	707.113864249771	0	0	0	1.2501402326136148	7071.13864249771	7072.388782730322	0	0.0	0.0	723.3709277432833	0	0.13444172327565038	707.113864249771	9.921207637876794	6779.078792362123	6789.0	0	0.0	0.0	678.9	0	1.488181145681519	677.9078792362124	0	0	0	0	0	2190.0	0	0	0.0	0	
57	2019-01-06 04:49:48	0	0	7071.030726126159	0	0	0.0	707.103072612616	0	0	0	0.4198954343305125	7071.030726126159	7071.450621560489	0	5.551115123125783e-17	0.0	702.9708828316013	0	0.03837763819900748	707.103072612616	5.423814608310412	6783.576185391688	6788.999999999999	0	0.0	9.094947017729282e-13	678.9	0	0.8135721912465618	678.3576185391689	0	0	0	0	0	2190.0	0	0	0.0	0	
58	2019-01-06 07:01:12	0	0	7072.642328925275	0	0	0.0	707.2642328925276	0	0	0	2.1039038935339045	7072.642328925275	7074.746232818809	0	0.0	0.0	703.754023133401	0	0.2087871819821479	707.2642328925276	7.214408793790569	6781.78559120621	6789.0	0	0.0	0.0	678.9	0	1.0821613190685853	678.178559120621	0	0	0	0	0	2190.0	0	0	0.0	0	
59	2019-01-06 09:12:36	0	0	7097.8007158122	0	0	0.0	709.78007158122	0	0	0	3.226494969417049	7097.8007158122	7101.027210781617	0	4.440892098500626e-16	0.0	719.8468002121734	0	0.4059760142333086	709.78007158122	6.4472895980690845	6782.59325215378	6789.040541751849	0	0.0	0.0	678.9040541751848	0	0.9670934397103627	678.259325215378	0	0	0	0	0	2190.0	0	0	0.0	0	
60	2019-01-06 11:24:00	0	0	7133.209649616575	0	0	0.0	713.3209649616575	0	0	0	3.966388371504958	7133.209649616575	7137.17603798808	0	-4.440892098500626e-16	0.0	722.9309293977119	0	0.49453061607025195	713.3209649616575	5.439119351499826	6784.175057187158	6789.614176538658	0	0.0	0.0	678.9614176538657	0	0.8158679027249739	678.4175057187158	0	0	0	0	0	2190.0	0	0	0.0	0	
61	2019-01-06 13:35:24	0	0	7190.230085392078	0	0	0.0	719.0230085392078	0	0	0	3.948171724412698	7190.230085392078	7194.17825711649	0	0.0	0.0	737.9542927451241	0	0.5809356629369731	719.0230085392078	4.4079282795372725	6785.886031709553	6790.293959989091	0	0.0	0.0	679.029395998909	0	0.6611892419305908	678.5886031709554	0	0	0	0	0	2190.0	0	0	0.0	0	
62	2019-01-06 15:46:48	0	0	7228.726333031568	0	0	0.0	722.8726333031568	0	0	0	0.6526885051033123	7228.726333031568	7229.379021536671	0	-1.1102230246251565e-16	0.0	733.3193156503871	0	0.08880481421866988	722.8726333031568	4.098170925124071	6785.728872104201	6789.827043029325	0	0.0	0.0	678.9827043029325	0	0.6147256387686106	678.5728872104202	0	0	0	0	0	2190.0	0	0	0.0	0	
63	2019-01-06 17:58:12	0	0	7273.554626944984	0	0	0.0	727.3554626944984	0	0	0	0.9299669126927922	7273.554626944984	7274.484593857676	0	-1.1102230246251565e-16	0.0	737.4957235504977	0	0.12492483847757345	727.3554626944984	4.625853202322936	6784.374146797677	6789.0	0	0.0	0.0	678.9	0	0.6938779803484404	678.4374146797677	0	0	0	0	0	2190.0	0	0	0.0	0	
64	2019-01-06 20:09:36	0	0	7200.929111361996	0	0	0.0	720.0929111361996	0	0	0	2.309819415233889	7200.929111361996	7203.238930777229	0	-4.440892098500626e-16	0.0	768.8678959847543	0	0.4863728325851088	720.0929111361996	5.328942230820866	6783.671057769179	6789.0	0	0.0	0.0	678.9	0	0.7993413346231298	678.3671057769179	0	0	0	0	0	2190.0	0	0	0.0	0	
65	2019-01-06 22:21:00	0	0	7152.552288462514	0	0	0.0	715.2552288462515	0	0	0	1.8688549787355637	7152.552288462514	7154.42114344125	0	2.220446049250313e-16	0.0	762.2525628189493	0	0.4002678121666137	715.2552288462515	0	6789.0	6789.0	0	0	0.0	678.9	0	0	678.9000000000001	0	0	0	0	0	2190.0	0	0	0.0	0	
66	2019-01-07 00:32:24	0	0	7108.136046020555	0	0	0.0	710.8136046020555	0	0	0	1.4645422590555819	7108.136046020555	7109.600588279611	0	0.0	0.0	743.9856966411811	0	0.2102060097548995	710.8136046020555	9.655789852589871	6779.34421014741	6789.0	0	0.0	0.0	678.9	0	1.4483684778884807	677.934421014741	0	0	0	0	0	2190.0	0	0	0.0	0	
67	2019-01-07 02:43:48	0	0	7156.832526877422	0	0	0.0	715.6832526877423	0	0	0	1.2976852424080192	7156.832526877422	7158.1302121198305	0	2.220446049250313e-16	9.094947017729282e-13	736.3937429951403	0	0.16109345394710747	715.6832526877423	5.064729392119052	6783.93527060788	6788.999999999999	0	0.0	9.094947017729282e-13	678.9	0	0.7597094088178578	678.3935270607881	0	0	0	0	0	2190.0	0	0	0.0	0	
68	2019-01-07 04:55:12	0	0	7124.6822510581	0	0	0.0	712.46822510581	0	0	0	1.7900455551368133	7124.6822510581	7126.472296613237	0	0.0	0.0	707.6569752156759	0	0.1735132546751734	712.46822510581	6.6831823969634785	6782.316817603037	6789.0	0	0.0	0.0	678.9	0	1.0024773595445218	678.2316817603037	0	0	0	0	0	2190.0	0	0	0.0	0	
69	2019-01-07 07:06:36	0	0	7088.629786693304	0	0	0.0	708.8629786693305	0	0	0	1.4995003780378184	7088.629786693304	7090.129287071341	0	0.0	9.094947017729282e-13	705.1082426249884	0	0.14563371026582114	708.8629786693305	6.326309948007947	6782.673690051991	6788.999999999999	0	0.0	9.094947017729282e-13	678.9	0	0.948946492201192	678.2673690051992	0	0	0	0	0	2190.0	0	0	0.0	0	
70	2019-01-07 09:18:00	0	0	7066.379790982358	0	0	0.0	706.6379790982359	0	0	0	2.7346721018955886	7066.379790982358	7069.114463084254	0	0.0	0.0	715.6622606394525	0	0.2960814124449235	706.6379790982359	5.986272024089108	6783.140138540882	6789.126410564971	0	0.0	0.0	678.912641056497	0	0.8979408036133661	678.3140138540882	0	0	0	0	0	2190.0	0	0	0.0	0	
71	2019-01-07 11:29:24	0	0	7074.118898892604	0	0	0.0	707.4118898892605	0	0	0	0.5703416876835452	7074.118898892604	7074.689240580287	0	0.0	9.094947017729282e-13	715.0277521641474	0	0.07074697065511935	707.4118898892605	4.7543818029318174	6785.078968315199	6789.8333501181305	0	0.0	9.094947017729282e-13	678.983335011813	0	0.7131572704397726	678.5078968315199	0	0	0	0	0	2190.0	0	0	0.0	0	
72	2019-01-07 13:40:48	0	0	7095.592918321015	0	0	0.0	709.5592918321015	0	0	0	0.8206852757662386	7095.592918321015	7096.41360359678	0	0.0	0.0	723.7178655893088	0	0.12718077533340144	709.5592918321015	3.8446388775567253	6786.358422327385	6790.203061204941	0	0.0	0.0	679.0203061204941	0	0.5766958316335088	678.6358422327385	0	0	0	0	0	2190.0	0	0	0.0	0	
73	2019-01-07 15:52:12	0	0	7068.0997621542465	0	0	0.0	706.8099762154247	0	0	0	0.708788262165395	7068.0997621542465	7068.808550416412	0	-1.1102230246251565e-16	0.0	713.4956655932739	0	0.09779328741236118	706.8099762154247	3.5945506989664042	6786.124338808177	6789.718889507143	0	0.0	0.0	678.9718889507143	0	0.5391826048449606	678.6124338808177	0	0	0	0	0	2190.0	0	0	0.0	0	
74	2019-01-07 18:03:36	0	0	7063.005947395808	0	0	0.0	706.3005947395809	0	0	0	0.6900883431447008	7063.005947395808	7063.696035738953	0	-1.1102230246251565e-16	0.0	728.3963250612971	0	0.12616869581035012	706.3005947395809	4.123223595247355	6784.8767764047525	6789.0	0	0.0	0.0	678.9	0	0.6184835392871032	678.4876776404753	0	0	0	0	0	2190.0	0	0	0.0	0	
75	2019-01-07 20:15:00	0	0	7071.00537479711	0	0	0.0	707.100537479711	0	0	0	0.6361519678906464	7071.00537479711	7071.641526765	0	0.0	0.0	739.8657773232105	0	0.13608891135202758	707.100537479711	0	6789.0	6789.0	0	0	0.0	678.9	0	0	678.9000000000001	0	0	0	0	0	2190.0	0	0	0.0	0	
76	2019-01-07 22:26:24	0	0	7080.939505122413	0	0	0.0	708.0939505122413	0	0	0	0.792806281392754	7080.939505122413	7081.732311403805	0	-1.1102230246251565e-16	0.0	746.69773530558	0	0.17705008242408987	708.0939505122413	8.005426029444834	6780.994573970555	6789.0	0	0.0	0.0	678.9	0	1.200813904416725	678.0994573970556	0	0	0	0	0	2190.0	0	0	0.0	0	
77	2019-01-08 00:37:48	0	0	7098.1443974473505	0	0	0.0	709.8144397447351	0	0	0	0.776269744180088	7098.1443974473505	7098.920667191531	0	-1.1102230246251565e-16	0.0	741.3308354698931	0	0.14536561337277432	709.8144397447351	4.467020315869004	6784.532979684131	6789.0	0	0.0	0.0	678.9	0	0.6700530473803505	678.4532979684132	0	0	0	0	0	2190.0	0	0	0.0	0	
78	2019-01-08 02:49:12	0	0	7078.369272833065	0	0	0.0	707.8369272833065	0	0	0	0.8946622139337354	7078.369272833065	7079.263935046999	0	0.0	0.0	724.226546474801	0	0.09961371807991787	707.8369272833065	6.102482591200648	6782.897517408799	6789.0	0	0.0	0.0	678.9	0	0.9153723886800971	678.28975174088	0	0	0	0	0	2190.0	0	0	0.0	0	
79	2019-01-08 05:00:36	0	0	7088.559719248418	0	0	0.0	708.8559719248419	0	0	0	0.4070714548392168	7088.559719248418	7088.966790703257	0	0.0	0.0	699.2256618150136	0	0.03579750498180033	708.8559719248419	6.078059148392514	6782.921940851607	6789.0	0	0.0	0.0	678.9	0	0.9117088722588771	678.2921940851608	0	0	0	0	0	2190.0	0	0	0.0	0	
80	2019-01-08 07:12:00	0	0	7090.568985635227	0	0	0.0	709.0568985635227	0	0	0	1.1564116902412374	7090.568985635227	7091.725397325468	0	0.0	0.0	705.2467206807444	0	0.11465457987258987	709.0568985635227	6.394213052682199	6782.605786947318	6789.0	0	0.0	0.0	678.9	0	0.9591319579023297	678.2605786947319	0	0	0	0	0	2190.0	0	0	0.0	0	
81	2019-01-08 09:23:24	0	0	7102.629717631153	0	0	0.0	710.2629717631153	0	0	0	2.0208623757970163	7102.629717631153	7104.65058000695	0	0.0	9.094947017729282e-13	720.3099548542458	0	0.25869819151697243	710.2629717631153	6.205229059853664	6782.921924662152	6789.127153722006	0	0.0	9.094947017729282e-13	678.9127153722006	0	0.9307843589780496	678.2921924662153	0	0	0	0	0	2190.0	0	0	0.0	0	
82	2019-01-08 11:34:48	0	0	7133.973700878764	0	0	0.0	713.3973700878764	0	0	0	4.333295489990665	7133.973700878764	7138.306996368755	0	8.881784197001252e-16	0.0	723.073397374259	0	0.49481145016969263	713.3973700878764	5.663419783186523	6784.180646277433	6789.844066060619	0	0.0	0.0	678.984406606062	0	0.8495129674779784	678.4180646277433	0	0	0	0	0	2190.0	0	0	0.0	0	
83	2019-01-08 13:46:12	0	0	7109.596542383131	0	0	0.0	710.9596542383132	0	0	0	1.0967745393581376	7109.596542383131	7110.693316922489	0	0.0	9.094947017729282e-13	725.8517776356149	0	0.18695699485213937	710.9596542383132	5.133588856968959	6785.088780725001	6790.22236958197	0	0.0	9.094947017729282e-13	679.022236958197	0	0.7700383285453439	678.5088780725001	0	0	0	0	0	2190.0	0	0	0.0	0	
84	2019-01-08 15:57:36	0	0	7065.921239855353	0	0	0.0	706.5921239855353	0	0	0	0.8091138713365137	7065.921239855353	7066.730353726689	0	-1.1102230246251565e-16	9.094947017729282e-13	713.2800259488077	0	0.11637075710076808	706.5921239855353	4.973366855228612	6784.380329105366	6789.353695960595	0	0.0	9.094947017729282e-13	678.9353695960596	0	0.7460050282842917	678.4380329105367	0	0	0	0	0	2190.0	0	0	0.0	0	
85	2019-01-08 18:09:00	0	0	7047.762603367895	0	0	0.0	704.7762603367896	0	0	0	0.6706672968546639	7047.762603367895	7048.43327066475	0	0.0	0.0	725.3385554489903	0	0.1226923285244335	704.7762603367896	0	6789.0	6789.0	0	0	0.0	678.9	0	0	678.9000000000001	0	0	0	0	0	2190.0	0	0	0.0	0	
86	2019-01-08 20:20:24	0	0	7053.655733694418	0	0	0.0	705.3655733694418	0	0	0	0.3084170474756898	7053.655733694418	7053.964150741894	0	5.551115123125783e-17	0.0	737.1268165088826	0	0.06483195495752898	705.3655733694418	9.28305266945593	6779.716947330544	6789.0	0	0.0	0.0	678.9	0	1.3924579004183895	677.9716947330544	0	0	0	0	0	2190.0	0	0	0.0	0	
87	2019-01-08 22:31:48	0	0	7045.901225821258	0	0	0.0	704.5901225821258	0	0	0	0.5856954550651696	7045.901225821258	7046.486921276323	0	-1.1102230246251565e-16	0.0	738.2785028493482	0	0.12905029686644842	704.5901225821258	5.040875146125965	6783.959124853874	6789.0	0	0.0	0.0	678.9	0	0.7561312719188947	678.3959124853874	0	0	0	0	0	2190.0	0	0	0.0	0	
88	2019-01-09 00:43:12	0	0	7025.70138223917	0	0	0.0	702.5701382239171	0	0	0	1.8718194152338894	7025.70138223917	7027.573201654404	0	0.0	0.0	727.2918090163256	0	0.29885295769110165	702.5701382239171	6.771686854446009	6782.228313145554	6789.0	0	0.0	0.0	678.9	0	1.0157530281669014	678.2228313145555	0	0	0	0	0	2190.0	0	0	0.0	0	
89	2019-01-09 02:54:36	0	0	7014.956192585438	0	0	0.0	701.4956192585438	0	0	0	1.4308549787355636	7014.956192585438	7016.387047564173	0	0.0	0.0	714.5064254089542	0	0.17085759406830925	701.4956192585438	6.571509754676353	6782.428490245324	6789.0	0	0.0	0.0	678.9	0	0.985726463201453	678.2428490245325	0	0	0	0	0	2190.0	0	0	0.0	0	
90	2019-01-09 05:06:00	0	0	7068.2794427930385	0	0	0.0	706.8279442793039	0	0	0	1.3708137166832044	7068.2794427930385	7069.650256509722	0	0.0	0.0	697.8784374429749	0	0.11989762991089571	706.8279442793039	6.900003237028808	6782.099996762971	6789.0	0	0.0	0.0	678.9	0	1.0350004855543211	678.2099996762972	0	0	0	0	0	2190.0	0	0	0.0	0	
91	2019-01-09 07:17:24	0	0	7034.201130005513	0	0	0.0	703.4201130005513	0	0	0	1.2039567000356417	7034.201130005513	7035.4050867055485	0	0.0	0.0	700.3227267640596	0	0.11435281145041915	703.4201130005513	6.963567349201258	6782.036432650799	6789.0	0	0.0	0.0	678.9	0	1.0445351023801888	678.2036432650799	0	0	0	0	0	2190.0	0	0	0.0	0	
92	2019-01-09 09:28:48	0	0	7026.149695139568	0	0	0.0	702.6149695139569	0	0	0	3.8971564434343877	7026.149695139568	7030.0468515830025	0	0.0	0.0	710.5826691321535	0	0.4657817758466096	702.6149695139569	6.7037521198555545	6782.400316489765	6789.10406860962	0	0.0	0.0	678.910406860962	0	1.0055628179783331	678.2400316489766	0	0	0	0	0	2190.0	0	0	0.0	0	
93	2019-01-09 11:40:12	0	0	7008.092502120501	0	0	0.0	700.8092502120502	0	0	0	23.803328326475285	7008.092502120501	7031.895830446976	0	3.552713678800501e-15	9.094947017729282e-13	709.6644427836828	0	2.9713333049947197	700.8092502120502	5.9631695149710495	6783.816913244478	6789.780082759449	0	0.0	9.094947017729282e-13	678.978008275945	0	0.8944754272456574	678.3816913244478	0	0	0	0	0	2190.0	0	0	0.0	0	
94	2019-01-09 13:51:36	0	0	7021.868641288716	0	0	0.0	702.1868641288717	0	0	0	15.81963210273589	7021.868641288716	7037.688273391453	0	0.0	9.094947017729282e-13	715.2431423182411	0	2.4091367730260393	702.1868641288717	5.303499710333681	6784.9500579928645	6790.253557703199	0	0.0	9.094947017729282e-13	679.0253557703198	0	0.7955249565500522	678.4950057992864	0	0	0	0	0	2190.0	0	0	0.0	0	
95	2019-01-09 16:03:00	0	0	7036.679402853739	0	0	0.0	703.6679402853739	0	0	0	2.710989545523593	7036.679402853739	7039.390392399262	0	-4.440892098500626e-16	9.094947017729282e-13	708.0883593015137	0	0.3198499590882078	703.6679402853739	0	6789.43135254459	6789.43135254459	0	0	9.094947017729282e-13	678.943135254459	0	0	678.943135254459	0	0	0	0	0	2190.0	0	0	0.0	0	
96	2019-01-09 18:14:24	0	0	7024.792416791421	0	0	0.0	702.4792416791421	0	0	0	0.8212167235584668	7024.792416791421	7025.6136335149795	0	0.0	9.094947017729282e-13	721.9534442435851	0	0.1500182305311926	702.4792416791421	8.855744865870006	6780.144255134129	6788.999999999999	0	0.0	9.094947017729282e-13	678.9	0	1.3283617298805008	678.0144255134129	0	0	0	0	0	2190.0	0	0	0.0	0	
97	2019-01-09 20:25:48	0	0	7034.850714550545	0	0	0.0	703.4850714550545	0	0	0	0.3645168045377725	7034.850714550545	7035.215231355082	0	-5.551115123125783e-17	0.0	732.5704040026532	0	0.0765092720100759	703.4850714550545	4.855476226116961	6784.144523773883	6789.0	0	0.0	0.0	678.9	0	0.7283214339175441	678.4144523773883	0	0	0	0	0	2190.0	0	0	0.0	0	
98	2019-01-09 22:37:12	0	0	7039.844056578894	0	0	0.0	703.9844056578895	0	0	0	0.25208834314470085	7039.844056578894	7040.096144922039	0	0.0	0.0	737.0061894116648	0	0.05396492273381544	703.9844056578895	6.488358742761231	6782.511641257239	6789.0	0	0.0	0.0	678.9	0	0.9732538114141847	678.2511641257239	0	0	0	0	0	2190.0	0	0	0.0	0	
99	2019-01-10 00:48:36	0	0	7033.706407002166	0	0	0.0	703.3706407002167	0	0	0	0.19815196789064643	7033.706407002166	7033.904558970056	0	0.0	0.0	728.5179653693306	0	0.03243887687758869	703.3706407002167	6.3705357531931766	6782.6294642468065	6789.0	0	0.0	0.0	678.9	0	0.9555803629789764	678.2629464246806	0	0	0	0	0	2190.0	0	0	0.0	0	
100	2019-01-10 03:00:00	0	0	7018.8529859791315	0	0	0.0	701.8852985979132	0	0	0	0.2610777390203766	7018.8529859791315	7019.114063718152	0	0.0	0.0	711.4362669815046	0	0.031182493297624327	701.8852985979132	6.822767368648569	6782.177232631351	6789.0	0	0.0	0.0	678.9	0	1.0234151052972853	678.2177232631352	0	0	0	0	0	2190.0	0	0	0.0	0	
101	2019-01-10 05:11:24	0	0	7036.16429667404	0	0	0.0	703.6164296674041	0	0	0	0.2445412018077106	7036.16429667404	7036.408837875847	0	0.0	0.0	695.6018557530512	0	0.019851332210032296	703.6164296674041	6.990783470153	6782.009216529847	6789.0	0	0.0	0.0	678.9	0	1.04861752052295	678.2009216529848	0	0	0	0	0	2190.0	0	0	0.0	0	
102	2019-01-10 07:22:48	0	0	7044.189607164252	0	0	0.0	704.4189607164253	0	0	0	0.8946622139337354	7044.189607164252	7045.084269378186	0	0.0	0.0	701.16589230473	0	0.08712307215848059	704.4189607164253	7.107434014613911	6781.892565985386	6789.0	0	0.0	0.0	678.9	0	1.0661151021920867	678.1892565985386	0	0	0	0	0	2190.0	0	0	0.0	0	
103	2019-01-10 09:34:12	0	0	7050.480603752708	0	0	0.0	705.0480603752708	0	0	0	0.4070714548392168	7050.480603752708	7050.887675207547	0	0.0	0.0	713.3010655666084	0	0.045461417615722734	705.0480603752708	6.6202316903663405	6782.511922075075	6789.132153765441	0	0.0	0.0	678.9132153765441	0	0.9930347535549511	678.2511922075075	0	0	0	0	0	2190.0	0	0	0.0	0	
104	2019-01-10 11:45:36	0	0	7107.491056619711	0	0	0.0	710.7491056619712	0	0	0	1.8167399822005383	7107.491056619711	7109.307796601911	0	0.0	0.0	719.4148516513744	0	0.2009361238728714	710.7491056619712	5.6157948796551205	6784.247567054665	6789.86336193432	0	0.0	0.0	678.986336193432	0	0.8423692319482681	678.4247567054665	0	0	0	0	0	2190.0	0	0	0.0	0	
105	2019-01-10 13:57:00	0	0	7072.14727381629	0	0	0.0	707.214727381629	0	0	0	0.764166891958135	7072.14727381629	7072.911440708248	0	0.0	0.0	720.1227643134736	0	0.12043546537213885	707.214727381629	0	6790.276633601451	6790.276633601451	0	0	0.0	679.0276633601451	0	0	679.0276633601452	0	0	0	0	0	2190.0	0	0	0.0	0	
106	2019-01-10 16:08:24	0	0	7014.808333167293	0	0	0.0	701.4808333167293	0	0	0	3.1529640392791705	7014.808333167293	7017.961297206572	0	4.440892098500626e-16	0.0	705.7262545461516	0	0.5325730425068499	701.4808333167293	7.885672920862617	6781.206789646672	6789.092462567535	0	0.0	0.0	678.9092462567535	0	1.1828509381293926	678.1206789646673	0	0	0	0	0	2190.0	0	0	0.0	0	
107	2019-01-10 18:19:48	0	0	7024.558259453736	0	0	0.0	702.4558259453737	0	0	0	1.1905030817305151	7024.558259453736	7025.748762535467	0	0.0	9.094947017729282e-13	721.6323200270947	0	0.22367158117955688	702.4558259453737	4.484702952482741	6784.5152970475165	6788.999999999999	0	0.0	9.094947017729282e-13	678.9	0	0.6727054428724112	678.4515297047517	0	0	0	0	0	2190.0	0	0	0.0	0	
108	2019-01-10 20:31:12	0	0	7035.271932854302	0	0	0.0	703.5271932854303	0	0	0	0.37111387133651375	7035.271932854302	7035.643046725638	0	0.0	0.0	732.8059549220866	0	0.07666205768133141	703.5271932854303	6.093774791412619	6782.906225208588	6789.0	0	0.0	0.0	678.9	0	0.9140662187118928	678.2906225208588	0	0	0	0	0	2190.0	0	0	0.0	0	
109	2019-01-10 22:42:36	0	0	7036.226094858798	0	0	0.0	703.6226094858798	0	0	0	0.23266729685466386	7036.226094858798	7036.458762155653	0	0.0	0.0	736.1147249406399	0	0.04953498207505799	703.6226094858798	6.006099086147785	6782.9939009138525	6789.0	0	0.0	0.0	678.9	0	0.9009148629221677	678.2993900913852	0	0	0	0	0	2190.0	0	0	0.0	0	
110	2019-01-11 00:54:00	0	0	7042.593568866902	0	0	0.0	704.2593568866903	0	0	0	0.2146885051033124	7042.593568866902	7042.808257372006	0	0.0	0.0	730.3039516550806	0	0.032150425969851584	704.2593568866903	6.423001806795116	6782.576998193205	6789.0	0	0.0	0.0	678.9	0	0.9634502710192674	678.2576998193206	0	0	0	0	0	2190.0	0	0	0.0	0	
111	2019-01-11 03:05:24	0	0	7079.828429801639	0	0	0.0	707.9828429801639	0	0	0	0.49196691269279225	7079.828429801639	7080.320396714332	0	0.0	9.094947017729282e-13	720.0138669248379	0	0.0624690343038905	707.9828429801639	6.735007599218037	6782.264992400781	6788.999999999999	0	0.0	9.094947017729282e-13	678.9	0	1.0102511398827057	678.2264992400782	0	0	0	0	0	2190.0	0	0	0.0	0	
112	2019-01-11 05:16:48	0	0	7110.849366079914	0	0	0.0	711.0849366079915	0	0	0	1.8718194152338894	7110.849366079914	7112.721185495148	0	0.0	0.0	700.8231179111831	0	0.15189390041439177	711.0849366079915	6.943391667251518	6782.0566083327485	6789.0	0	0.0	0.0	678.9	0	1.0415087500877276	678.2056608332749	0	0	0	0	0	2190.0	0	0	0.0	0	
113	2019-01-11 07:28:12	0	0	7193.309683221317	0	0	0.0	719.3309683221318	0	0	0	1.4308549787355636	7193.309683221317	7194.7405382000525	0	0.0	9.094947017729282e-13	714.2319346706477	0	0.13667266838858616	719.3309683221318	7.0247491509350874	6781.975250849064	6788.999999999999	0	0.0	9.094947017729282e-13	678.9	0	1.053712372640263	678.1975250849064	0	0	0	0	0	2190.0	0	0	0.0	0	
114	2019-01-11 09:39:36	0	0	7316.949768949144	0	0	0.0	731.6949768949144	0	0	0	23.43740805869717	7316.949768949144	7340.387177007839	0	0.0	0.0	751.1081660237251	0	3.035618545196648	731.6949768949144	6.574474957688049	6782.562068414997	6789.136543372685	0	0.0	0.0	678.9136543372684	0	0.9861712436532073	678.2562068414998	0	0	0	0	0	2190.0	0	0	0.0	0	
115	2019-01-11 11:51:00	0	0	7577.193236698156	0	0	0.0	757.7193236698157	0	0	0	40.59302243391967	7577.193236698156	7617.786259132076	0	0.0	0.0	783.3874842737762	0	5.099775647096503	757.7193236698157	0	6789.86065144746	6789.86065144746	0	0	0.0	678.986065144746	0	0	678.9860651447461	0	0	0	0	0	2190.0	0	0	0.0	0	
116	2019-01-11 14:02:24	0	0	7233.80991241125	0	0	0.0	723.380991241125	0	0	0	2.3217740975091905	7233.80991241125	7236.131686508757	0	0.0	0.0	733.3094948063867	0	0.39279431842262963	723.380991241125	7.076672758262551	6783.032333447498	6790.10900620576	0	0.0	0.0	679.010900620576	0	1.0615009137393825	678.3032333447499	0	0	0	0	0	2190.0	0	0	0.0	0	
117	2019-01-11 16:13:48	0	0	7343.334332533417	0	0	0.0	734.3334332533418	0	0	0	14.538599393411813	7343.334332533417	7357.872931926829	0	0.0	0.0	745.2672956272338	0	1.7919140037398629	734.3334332533418	2.5314743266074142	6786.788447917742	6789.319922244349	0	0.0	0.0	678.9319922244349	0	0.37972114899111215	678.6788447917743	0	0	0	0	0	2190.0	0	0	0.0	0	
118	2019-01-11 18:25:12	0	0	7273.171648260713	0	0	0.0	727.3171648260713	0	0	0	2.7346721018955886	7273.171648260713	7275.906320362608	0	0.0	9.094947017729282e-13	766.4257626939999	0	0.5314148698117108	727.3171648260713	4.677612013835965	6784.322387986163	6788.999999999999	0	0.0	9.094947017729282e-13	678.9	0	0.7016418020753947	678.4322387986164	0	0	0	0	0	2190.0	0	0	0.0	0	
119	2019-01-11 20:36:36	0	0	7121.1509879036785	0	0	0.0	712.1150987903679	0	0	0	0.5703416876835452	7121.1509879036785	7121.721329591362	0	0.0	0.0	751.240608780702	0	0.12231703445710015	712.1150987903679	4.949161519838608	6784.0508384801615	6789.0	0	0.0	0.0	678.9	0	0.7423742279757911	678.4050838480161	0	0	0	0	0	2190.0	0	0	0.0	0	
120	2019-01-11 22:48:00	0	0	7101.87079963954	0	0	0.0	710.187079963954	0	0	0	0.7274881811860893	7101.87079963954	7102.598287820726	0	0.0	0.0	751.1547756303281	0	0.16189842174284316	710.187079963954	5.644076334274102	6783.355923665726	6789.0	0	0.0	0.0	678.9	0	0.8466114501411153	678.3355923665727	0	0	0	0	0	2190.0	0	0	0.0	0	
121	2019-01-12 00:59:24	0	0	7080.144027219596	0	0	0.0	708.0144027219596	0	0	0	0.2707882621653951	7080.144027219596	7080.414815481761	0	0.0	0.0	737.803704602701	0	0.04067355861956541	708.0144027219596	6.207415063489349	6782.792584936511	6789.0	0	0.0	0.0	678.9	0	0.9311122595234023	678.2792584936511	0	0	0	0	0	2190.0	0	0	0.0	0	
122	2019-01-12 03:10:48	0	0	7093.545746264715	0	0	0.0	709.3545746264715	0	0	0	0.25208834314470085	7093.545746264715	7093.797834607859	0	0.0	0.0	721.9200510273362	0	0.030283553710056754	709.3545746264715	7.149119783941821	6781.850880216059	6789.0	0	0.0	0.0	678.9	0	1.072367967591273	678.1850880216059	0	0	0	0	0	2190.0	0	0	0.0	0	
123	2019-01-12 05:22:12	0	0	7110.7082335913665	0	0	0.0	711.0708233591367	0	0	0	0.13234168768354518	7110.7082335913665	7110.8405752790495	0	0.0	0.0	700.6649014153974	0	0.010472495985911257	711.0708233591367	7.879554863599699	6781.1204451364	6789.0	0	0.0	0.0	678.9	0	1.1819332295399547	678.1120445136401	0	0	0	0	0	2190.0	0	0	0.0	0	
124	2019-01-12 07:33:36	0	0	7154.858447641938	0	0	0.0	715.4858447641939	0	0	0	0.2894881811860893	7154.858447641938	7155.1479358231245	0	0.0	0.0	710.7601861435498	0	0.027098963459482914	715.4858447641939	8.230602662125504	6780.769397337875	6789.0	0	0.0	0.0	678.9	0	1.2345903993188256	678.0769397337875	0	0	0	0	0	2190.0	0	0	0.0	0	
125	2019-01-12 09:45:00	0	0	7237.667770212774	0	0	0.0	723.7667770212774	0	0	0	0.4777860322193751	7237.667770212774	7238.145556244993	0	0.0	0.0	737.5540588506732	0	0.05827272310091521	723.7667770212774	0	6789.142182840618	6789.142182840618	0	0	0.0	678.9142182840618	0	0	678.9142182840619	0	0	0	0	0	2190.0	0	0	0.0	0	
126	2019-01-12 11:56:24	0	0	7288.979004319034	0	0	0.0	728.8979004319035	0	0	0	23.042450556539297	7288.979004319034	7312.021454875573	0	-3.552713678800501e-15	0.0	745.1175247784977	0	2.9023682899266334	728.8979004319035	10.95	6778.865160203537	6789.815160203537	0	0.0	0.0	678.9815160203536	0	1.6424999999999998	677.8865160203537	0	0	0	0	0	2190.0	0	0	0.0	0	
127	2019-01-12 14:07:48	0	0	7271.270558300999	0	0	0.0	727.1270558301	0	0	0	0.29188051026302386	7271.270558300999	7271.562438811262	0	0.0	9.094947017729282e-13	737.5984780826965	0	0.041086826072556	727.1270558301	6.562498836991404	6783.607569579007	6790.170068415999	0	0.0	9.094947017729282e-13	679.0170068415998	0	0.9843748255487106	678.3607569579008	0	0	0	0	0	2190.0	0	0	0.0	0	
128	2019-01-12 16:19:12	0	0	7120.638425883127	0	0	0.0	712.0638425883127	0	0	0	7.038624006897809	7120.638425883127	7127.677049890024	0	0.0	0.0	718.5052890518716	0	0.831949293444755	712.0638425883127	7.201469009843248	6782.039455741274	6789.240924751117	0	0.0	0.0	678.9240924751116	0	1.0802203514764872	678.2039455741274	0	0	0	0	0	2190.0	0	0	0.0	0	
129	2019-01-12 18:30:36	0	0	7119.176082554566	0	0	0.0	711.9176082554567	0	0	0	0.2445412018077106	7119.176082554566	7119.420623756374	0	0.0	0.0	738.6516073973573	0	0.045849425570861295	711.9176082554567	7.674882847675754	6781.325117152324	6789.0	0	0.0	0.0	678.9	0	1.151232427151363	678.1325117152325	0	0	0	0	0	2190.0	0	0	0.0	0	
130	2019-01-12 20:42:00	0	0	7106.165437168641	0	0	0.0	710.6165437168642	0	0	0	0.8946622139337354	7106.165437168641	7107.060099382575	0	0.0	0.0	748.4689505931451	0	0.18182909184090612	710.6165437168642	8.326595992425185	6780.673404007574	6789.0	0	0.0	0.0	678.9	0	1.2489893988637777	678.0673404007575	0	0	0	0	0	2190.0	0	0	0.0	0	
131	2019-01-12 22:53:24	0	0	7092.387969060647	0	0	0.0	709.2387969060647	0	0	0	0.4070714548392168	7092.387969060647	7092.795040515486	0	0.0	0.0	749.3266045553663	0	0.08578014217384367	709.2387969060647	8.828694877313607	6780.171305122686	6789.0	0	0.0	0.0	678.9	0	1.324304231597041	678.0171305122686	0	0	0	0	0	2190.0	0	0	0.0	0	
132	2019-01-13 01:04:48	0	0	7080.18642347228	0	0	0.0	708.018642347228	0	0	0	1.1564116902412374	7080.18642347228	7081.342835162521	0	0.0	0.0	729.3016353369959	0	0.12110236724088215	708.018642347228	8.757475232130188	6780.24252476787	6789.0	0	0.0	0.0	678.9	0	1.3136212848195281	678.0242524767871	0	0	0	0	0	2190.0	0	0	0.0	0	
133	2019-01-13 03:16:12	0	0	7095.970538010654	0	0	0.0	709.5970538010655	0	0	0	0.3261668919581351	7095.970538010654	7096.296704902613	0	0.0	9.094947017729282e-13	722.3287519382749	0	0.0388624976826894	709.5970538010655	8.600843555436644	6780.399156444562	6788.999999999999	0	0.0	9.094947017729282e-13	678.9	0	1.2901265333154965	678.0399156444563	0	0	0	0	0	2190.0	0	0	0.0	0	
134	2019-01-13 05:27:36	0	0	7109.6552537705675	0	0	0.0	710.9655253770568	0	0	0	2.1039038935339045	7109.6552537705675	7111.759157664102	0	0.0	0.0	700.7018623381646	0	0.20640130644541688	710.9655253770568	8.69822930569839	6780.301770694302	6789.0	0	0.0	0.0	678.9	0	1.3047343958547586	678.0301770694302	0	0	0	0	0	2190.0	0	0	0.0	0	
135	2019-01-13 07:39:00	0	0	7138.654152560492	0	0	0.0	713.8654152560492	0	0	0	0.6587745393581377	7138.654152560492	7139.31292709985	0	0.0	9.094947017729282e-13	709.4823185358168	0	0.063904275632746	713.8654152560492	0	6788.999999999999	6788.999999999999	0	0	9.094947017729282e-13	678.9	0	0	678.9	0	0	0	0	0	2190.0	0	0	0.0	0	
136	2019-01-13 09:50:24	0	0	7172.218819226493	0	0	0.0	717.2218819226493	0	0	0	1.0810953169230297	7172.218819226493	7173.299914543416	0	-2.220446049250313e-16	0.0	729.4210698248861	0	0.13458923605905143	717.2218819226493	10.95	6778.166634460266	6789.116634460266	0	0.0	0.0	678.9116634460266	0	1.6424999999999998	677.8166634460267	0	0	0	0	0	2190.0	0	0	0.0	0	
137	2019-01-13 12:01:48	0	0	7157.098995943535	0	0	0.0	715.7098995943535	0	0	0	2.3824747197815515	7157.098995943535	7159.481470663316	0	0.0	0.0	732.5512885441115	0	0.35034970833282536	715.7098995943535	7.150920893360773	6782.9930017794195	6790.143922672781	0	0.0	0.0	679.014392267278	0	1.072638134004116	678.299300177942	0	0	0	0	0	2190.0	0	0	0.0	0	
138	2019-01-13 14:13:12	0	0	7207.81986300896	0	0	0.0	720.781986300896	0	0	0	0.2146885051033124	7207.81986300896	7208.0345515140625	0	0.0	0.0	729.8754619306286	0	0.03454198270947949	720.781986300896	5.8565797390227425	6784.10900108312	6789.965580822143	0	0.0	0.0	678.9965580822143	0	0.8784869608534114	678.410900108312	0	0	0	0	0	2190.0	0	0	0.0	0	
139	2019-01-13 16:24:36	0	0	7199.6942730599785	0	0	0.0	719.9694273059979	0	0	0	0.961081201576557	7199.6942730599785	7200.655354261555	0	-1.1102230246251565e-16	0.0	726.9919669341579	0	0.125556949192391	719.9694273059979	6.001937422608208	6783.400444140932	6789.402381563541	0	0.0	0.0	678.9402381563541	0	0.9002906133912312	678.3400444140933	0	0	0	0	0	2190.0	0	0	0.0	0	
140	2019-01-13 18:36:00	0	0	7174.301795220694	0	0	0.0	717.4301795220695	0	0	0	1.8718194152338894	7174.301795220694	7176.173614635929	0	0.0	0.0	748.7144084540367	0	0.35091296965155827	717.4301795220695	6.459891572222017	6782.540108427778	6789.0	0	0.0	0.0	678.9	0	0.9689837358333026	678.2540108427779	0	0	0	0	0	2190.0	0	0	0.0	0	
141	2019-01-13 20:47:24	0	0	7155.820825719107	0	0	0.0	715.5820825719107	0	0	0	1.4308549787355636	7155.820825719107	7157.251680697843	0	0.0	0.0	759.1173253362902	0	0.2940986668427058	715.5820825719107	6.788572253807681	6782.211427746192	6789.0	0	0.0	0.0	678.9	0	1.0182858380711521	678.2211427746192	0	0	0	0	0	2190.0	0	0	0.0	0	
142	2019-01-13 22:58:48	0	0	7105.821112598204	0	0	0.0	710.5821112598205	0	0	0	1.3708137166832044	7105.821112598204	7107.1919263148875	0	0.0	0.0	752.3673058577197	0	0.289443222557642	710.5821112598205	6.929956793862595	6782.070043206138	6789.0	0	0.0	0.0	678.9	0	1.0394935190793892	678.2070043206138	0	0	0	0	0	2190.0	0	0	0.0	0	
143	2019-01-14 01:10:12	0	0	7078.143731045908	0	0	0.0	707.8143731045908	0	0	0	1.2039567000356417	7078.143731045908	7079.347687745943	0	0.0	0.0	728.8474186152354	0	0.15384550908120936	707.8143731045908	7.129550385506305	6781.870449614494	6789.0	0	0.0	0.0	678.9	0	1.0694325578259458	678.1870449614494	0	0	0	0	0	2190.0	0	0	0.0	0	
144	2019-01-14 03:21:36	0	0	7060.147233761881	0	0	0.0	706.0147233761882	0	0	0	1.7900455551368133	7060.147233761881	7061.937279317018	0	0.0	0.0	717.4555366139465	0	0.19422871370044134	706.0147233761882	7.2072152661817395	6781.792784733818	6789.0	0	0.0	0.0	678.9	0	1.081082289927261	678.1792784733818	0	0	0	0	0	2190.0	0	0	0.0	0	
145	2019-01-14 05:33:00	0	0	7099.303238713962	0	0	0.0	709.9303238713962	0	0	0	1.4995003780378184	7099.303238713962	7100.802739092	0	0.0	0.0	700.2273073538929	0	0.1392101992053914	709.9303238713962	0	6789.0	6789.0	0	0	0.0	678.9	0	0	678.9000000000001	0	0	0	0	0	2190.0	0	0	0.0	0	
146	2019-01-14 07:44:24	0	0	7087.154998863882	0	0	0.0	708.7154998863882	0	0	0	2.390400644267966	7087.154998863882	7089.54539950815	0	0.0	0.0	704.9985483770616	0	0.2340266789764737	708.7154998863882	10.95	6778.05	6789.0	0	0.0	0.0	678.9	0	1.6424999999999998	677.8050000000001	0	0	0	0	0	2190.0	0	0	0.0	0	
147	2019-01-14 09:55:48	0	0	7115.2249891312385	0	0	0.0	711.5224989131239	0	0	0	0.4299077288113685	7115.2249891312385	7115.65489686005	0	5.551115123125783e-17	9.094947017729282e-13	721.7491455143379	0	0.054770571813786334	711.5224989131239	6.289414631541005	6782.8556867838115	6789.145101415353	0	0.0	9.094947017729282e-13	678.9145101415353	0	0.9434121947311507	678.2855686783812	0	0	0	0	0	2190.0	0	0	0.0	0	
148	2019-01-14 12:07:12	0	0	7108.27119630285	0	0	0.0	710.827119630285	0	0	0	1.4264253228758084	7108.27119630285	7109.697621625725	0	-2.220446049250313e-16	0.0	725.3588259088106	0	0.21358800469760839	710.827119630285	6.7542999705481925	6783.414996994478	6790.169296965027	0	0.0	0.0	679.0169296965026	0	1.013144995582229	678.3414996994479	0	0	0	0	0	2190.0	0	0	0.0	0	
149	2019-01-14 14:18:36	0	0	7147.147082842846	0	0	0.0	714.7147082842847	0	0	0	0.2707882621653951	7147.147082842846	7147.417871105011	0	0.0	0.0	722.5175748779859	0	0.04347219276430067	714.7147082842847	6.047824513994213	6784.063302530965	6790.111127044959	0	0.0	0.0	679.0111127044959	0	0.9071736770991319	678.4063302530966	0	0	0	0	0	2190.0	0	0	0.0	0	
150	2019-01-14 16:30:00	0	0	7081.222526797099	0	0	0.0	708.12225267971	0	0	0	7.062784014733406	7081.222526797099	7088.2853108118325	0	8.881784197001252e-16	9.094947017729282e-13	713.8920581001533	0	0.8340166347423541	708.12225267971	6.179610580962563	6783.253562681094	6789.433173262057	0	0.0	9.094947017729282e-13	678.9433173262056	0	0.9269415871443843	678.3253562681094	0	0	0	0	0	2190.0	0	0	0.0	0	
151	2019-01-14 18:41:24	0	0	7100.129465085265	0	0	0.0	710.0129465085265	0	0	0	0.19815196789064643	7100.129465085265	7100.327617053154	0	0.0	0.0	735.1308005223095	0	0.036979420759539236	710.0129465085265	6.36907683284543	6782.630923167155	6789.0	0	0.0	0.0	678.9	0	0.9553615249268144	678.2630923167155	0	0	0	0	0	2190.0	0	0	0.0	0	
152	2019-01-14 20:52:48	0	0	7132.865600067549	0	0	0.0	713.2865600067549	0	0	0	0.2610777390203766	7132.865600067549	7133.126677806569	0	0.0	0.0	753.8942862228449	0	0.0541974655779736	713.2865600067549	6.621969057630686	6782.378030942369	6789.0	0	0.0	0.0	678.9	0	0.9932953586446028	678.2378030942369	0	0	0	0	0	2190.0	0	0	0.0	0	
153	2019-01-14 23:04:12	0	0	7212.980099087163	0	0	0.0	721.2980099087163	0	0	0	0.2445412018077106	7212.980099087163	7213.2246402889705	0	0.0	0.0	766.4629629100081	0	0.049592832243265925	721.2980099087163	6.9167052803797695	6782.08329471962	6789.0	0	0.0	0.0	678.9	0	1.0375057920569655	678.2083294719621	0	0	0	0	0	2190.0	0	0	0.0	0	
154	2019-01-15 01:15:36	0	0	7235.086344907734	0	0	0.0	723.5086344907735	0	0	0	0.8946622139337354	7235.086344907734	7235.981007121668	0	0.0	0.0	755.522136604203	0	0.10243656715817476	723.5086344907735	7.130456491931771	6781.869543508068	6789.0	0	0.0	0.0	678.9	0	1.0695684737897655	678.1869543508069	0	0	0	0	0	2190.0	0	0	0.0	0	
155	2019-01-15 03:27:00	0	0	7312.058764590911	0	0	0.0	731.2058764590911	0	0	0	0.4070714548392168	7312.058764590911	7312.46583604575	0	0.0	0.0	752.2899102136142	0	0.04695295397079757	731.2058764590911	0	6789.0	6789.0	0	0	0.0	678.9	0	0	678.9000000000001	0	0	0	0	0	2190.0	0	0	0.0	0	
156	2019-01-15 05:38:24	0	0	7310.256271975587	0	0	0.0	731.0256271975587	0	0	0	1.2501402326136148	7310.256271975587	7311.5064122082	0	0.0	0.0	714.293418595041	0	0.11959738107133368	731.0256271975587	10.95	6778.05	6789.0	0	0.0	0.0	678.9	0	1.6424999999999998	677.8050000000001	0	0	0	0	0	2190.0	0	0	0.0	0	
157	2019-01-15 07:49:48	0	0	7310.667836304534	0	0	0.0	731.0667836304534	0	0	0	0.4198954343305125	7310.667836304534	7311.087731738864	0	5.551115123125783e-17	0.0	724.3919347479464	0	0.0388260126418543	731.0667836304534	6.79718368948543	6782.202816310514	6789.0	0	0.0	0.0	678.9	0	1.0195775534228144	678.2202816310514	0	0	0	0	0	2190.0	0	0	0.0	0	
158	2019-01-15 10:01:12	0	0	7334.0342525325805	0	0	0.0	733.4034252532581	0	0	0	2.1039038935339045	7334.0342525325805	7336.138156426115	0	0.0	9.094947017729282e-13	752.0118031762399	0	0.21458145114278046	733.4034252532581	7.486063717732281	6781.981905413212	6789.467969130945	0	0.0	9.094947017729282e-13	678.9467969130944	0	1.1229095576598422	678.1981905413213	0	0	0	0	0	2190.0	0	0	0.0	0	
159	2019-01-15 12:12:36	0	0	7331.740376633215	0	0	0.0	733.1740376633215	0	0	0	24.650687294588188	7331.740376633215	7356.391063927803	0	-3.552713678800501e-15	0.0	760.9164917574029	0	3.580304443999374	733.1740376633215	6.710235097692181	6783.207722326386	6789.917957424078	0	0.0	0.0	678.9917957424078	0	1.0065352646538273	678.3207722326387	0	0	0	0	0	2190.0	0	0	0.0	0	
160	2019-01-15 14:24:00	0	0	7391.691954727563	0	0	0.0	739.1691954727563	0	0	0	0.37111387133651375	7391.691954727563	7392.063068598898	0	0.0	9.094947017729282e-13	752.2394654002312	0	0.0620108203601275	739.1691954727563	6.5226276360755735	6783.03696858295	6789.5595962190255	0	0.0	9.094947017729282e-13	678.9559596219025	0	0.978394145411336	678.3036968582951	0	0	0	0	0	2190.0	0	0	0.0	0	
161	2019-01-15 16:35:24	0	0	7277.666032022699	0	0	0.0	727.76660320227	0	0	0	8.154370256463592	7277.666032022699	7285.820402279162	0	0.0	9.094947017729282e-13	736.9355098199966	0	0.9612955905280937	727.76660320227	6.522328519476223	6782.599342515282	6789.121671034758	0	0.0	9.094947017729282e-13	678.9121671034758	0	0.9783492779214333	678.2599342515282	0	0	0	0	0	2190.0	0	0	0.0	0	
162	2019-01-15 18:46:48	0	0	7208.742449870792	0	0	0.0	720.8742449870792	0	0	0	0.2146885051033124	7208.742449870792	7208.957138375896	0	0.0	9.094947017729282e-13	754.6052949855388	0	0.040694570174163204	720.8742449870792	6.746420458904568	6782.253579541095	6788.999999999999	0	0.0	9.094947017729282e-13	678.9	0	1.011963068835685	678.2253579541095	0	0	0	0	0	2190.0	0	0	0.0	0	
163	2019-01-15 20:58:12	0	0	7199.45223989956	0	0	0.0	719.945223989956	0	0	0	0.49196691269279225	7199.45223989956	7199.944206812253	0	0.0	0.0	768.3379700664922	0	0.10357685979336934	719.945223989956	6.8911379177973595	6782.108862082203	6789.0	0	0.0	0.0	678.9	0	1.0336706876696038	678.2108862082204	0	0	0	0	0	2190.0	0	0	0.0	0	
164	2019-01-15 23:09:36	0	0	7205.240693438941	0	0	0.0	720.5240693438941	0	0	0	1.8718194152338894	7205.240693438941	7207.112512854175	0	0.0	0.0	765.222441280861	0	0.3796124208066604	720.5240693438941	7.018241639074269	6781.981758360926	6789.0	0	0.0	0.0	678.9	0	1.0527362458611402	678.1981758360926	0	0	0	0	0	2190.0	0	0	0.0	0	
165	2019-01-16 01:21:00	0	0	7151.367598140664	0	0	0.0	715.1367598140664	0	0	0	1.4308549787355636	7151.367598140664	7152.7984531194	0	0.0	9.094947017729282e-13	740.8548765662339	0	0.178583286282486	715.1367598140664	0	6788.999999999999	6788.999999999999	0	0	9.094947017729282e-13	678.9	0	0	678.9	0	0	0	0	0	2190.0	0	0	0.0	0	
166	2019-01-16 03:32:24	0	0	7167.024794644145	0	0	0.0	716.7024794644145	0	0	0	1.4645422590555819	7167.024794644145	7168.489336903201	0	0.0	0.0	732.5445950338287	0	0.17208244301299336	716.7024794644145	10.95	6778.05	6789.0	0	0.0	0.0	678.9	0	1.6424999999999998	677.8050000000001	0	0	0	0	0	2190.0	0	0	0.0	0	
167	2019-01-16 05:43:48	0	0	7172.195785852089	0	0	0.0	717.219578585209	0	0	0	1.2976852424080192	7172.195785852089	7173.493471094497	0	2.220446049250313e-16	0.0	705.0094954612548	0	0.11177092826408813	717.219578585209	6.008163342053553	6782.991836657947	6789.0	0	0.0	0.0	678.9	0	0.9012245013080329	678.2991836657948	0	0	0	0	0	2190.0	0	0	0.0	0	
