simulation_time	physical_time	Enedis.energy_sold_inside	Enedis.energy_sold_outside	Enedis.energy_bought_inside	Enedis.energy_bought_outside	Enedis.energy_erased_consumption	Enedis.energy_erased_production	Enedis.money_spent_inside	Enedis.money_spent_outside	Enedis.money_earned_inside	Enedis.money_earned_outside	general_aggregator.energy_sold_inside	general_aggregator.energy_sold_outside	general_aggregator.energy_bought_inside	general_aggregator.energy_bought_outside	general_aggregator.energy_erased_consumption	general_aggregator.energy_erased_production	general_aggregator.money_spent_inside	general_aggregator.money_spent_outside	general_aggregator.money_earned_inside	general_aggregator.money_earned_outside	Local_DHN.energy_sold_inside	Local_DHN.energy_sold_outside	Local_DHN.energy_bought_inside	Local_DHN.energy_bought_outside	Local_DHN.energy_erased_consumption	Local_DHN.energy_erased_production	Local_DHN.money_spent_inside	Local_DHN.money_spent_outside	Local_DHN.money_earned_inside	Local_DHN.money_earned_outside	gas_aggregator.energy_sold_inside	gas_aggregator.energy_sold_outside	gas_aggregator.energy_bought_inside	gas_aggregator.energy_bought_outside	gas_aggregator.energy_erased_consumption	gas_aggregator.energy_erased_production	gas_aggregator.money_spent_inside	gas_aggregator.money_spent_outside	gas_aggregator.money_earned_inside	gas_aggregator.money_earned_outside	
0	2019-01-01 00:00:00	0	0	2795.74984705173	0	0	0.0	279.574984705173	0	0	0	414.5255559318245	2795.74984705173	3210.275402983554	0	-1.7053025658242404e-13	0.0	332.2812669824905	0	41.72537106565685	279.574984705173	2.2618638577960777	3097.738136142204	3100	0	0.0	0	310.0	0	0.33927957866941166	309.77381361422044	0	0	0	0	0	1000	0	0	0.0	0	
1	2019-01-01 01:00:00	0	0	3096.0898718546823	0	0	0.0	309.60898718546827	0	0	0	106.70862305466261	3096.0898718546823	3202.7984949093448	0	4.831690603168681e-13	0.0	327.5177421641385	0	10.728999170599222	309.60898718546827	0.1587266156050743	3099.8412733843948	3100	0	0.0	0	310.0	0	0.023808992340761146	309.9841273384395	0	0	0	0	0	1000	0	0	0.0	0	
2	2019-01-01 02:00:00	0	0	3102.8326993789296	0	0	0.0	310.283269937893	0	0	0	95.73335087907037	3102.8326993789296	3198.566050258	0	-2.5579538487363607e-13	0.0	325.27773778999	0	9.619893588546832	310.283269937893	0	3100.0	3100	0	0	0	310.0	0	0	310.0	0	0	0	0	0	1000	0	0	0.0	0	
3	2019-01-01 03:00:00	0	0	3091.6289831520444	0	0	0.0	309.1628983152045	0	0	0	105.35360256095557	3091.6289831520444	3196.982585713	0	3.979039320256561e-13	0.0	323.5969585169626	0	10.567426943680024	309.1628983152045	0	3100.0	3100	0	0	0	310.0	0	0	310.0	0	0	0	0	0	1000	0	0	0.0	0	
4	2019-01-01 04:00:00	0	0	3093.4416866514707	0	0	0.0	309.3441686651471	0	0	0	104.48160930017917	3093.4416866514707	3197.92329595165	0	4.121147867408581e-13	0.0	318.3724418038661	0	10.43588641621285	309.3441686651471	0	3100.0	3100	0	0	0	310.0	0	0	310.0	0	0	0	0	0	1000	0	0	0.0	0	
5	2019-01-01 05:00:00	0	0	3103.8571922069823	0	0	0.0	310.38571922069826	0	0	0	100.83709992206795	3103.8571922069823	3204.69429212905	0	-1.1368683772161603e-13	0.0	317.16108958162704	0	10.056960017293747	310.38571922069826	0	3100.0	3100	0	0	0	310.0	0	0	310.0	0	0	0	0	0	1000	0	0	0.0	0	
6	2019-01-01 06:00:00	0	0	3125.5588520378637	0	0	0.0	312.5558852037864	0	0	0	83.42797142518627	3125.5588520378637	3208.98682346305	0	4.831690603168681e-13	0.0	317.29121848967804	0	8.31174816531075	312.5558852037864	0	3100.0	3100	0	0	0	310.0	0	0	310.0	0	0	0	0	0	1000	0	0	0.0	0	
7	2019-01-01 07:00:00	0	0	3118.3685797815288	0	0	0.0	311.8368579781529	0	0	0	96.08786532667138	3118.3685797815288	3214.4564451082	0	3.268496584496461e-13	0.0	319.9920476579459	0	9.597369689270987	311.8368579781529	0	3100.0	3100	0	0	0	310.0	0	0	310.0	0	0	0	0	0	1000	0	0	0.0	0	
8	2019-01-01 08:00:00	0	0	3142.090460902708	0	0	0.0	314.2090460902708	0	0	0	75.69739220628891	3142.090460902708	3217.787853108997	0	5.684341886080802e-14	4.547473508864641e-13	327.9508688138111	0	7.690261855275645	314.2090460902708	0	3099.9999999999995	3099.9999999999995	0	0	4.547473508864641e-13	309.99999999999994	0	0	310.0	0	0	0	0	0	1000	0	0	0.0	0	
9	2019-01-01 09:00:00	0	0	3108.78869694974	0	0	0.0	310.878869694974	0	0	0	102.8604586254325	3108.78869694974	3211.6491555751722	0	-2.4158453015843406e-13	0.0	324.6073207746766	0	11.084454107044055	310.878869694974	0.9988874897678325	3099.1522530536254	3100.151140543393	0	0.0	0.0	310.0151140543393	0	0.14983312346517486	309.9152253053626	0	0	0	0	0	1000	0	0	0.0	0	
10	2019-01-01 10:00:00	0	0	3126.2519235981454	0	0	0.0	312.62519235981455	0	0	0	83.9763636671194	3126.2519235981454	3210.2282872652645	0	-1.4210854715202004e-14	0.0	324.66815432877064	0	8.411086532343493	312.62519235981455	0	3100.42932334225	3100.42932334225	0	0	0.0	310.042932334225	0	0	310.04293233422504	0	0	0	0	0	1000	0	0	0.0	0	
11	2019-01-01 11:00:00	0	0	3074.6291235973704	0	0	0.0	307.46291235973706	0	0	0	128.87777282426256	3074.6291235973704	3203.506896421633	0	0.0	4.547473508864641e-13	323.0283258414446	0	14.57105530938882	307.46291235973706	0	3100.9154711618107	3100.9154711618107	0	0	4.547473508864641e-13	310.09154711618106	0	0	310.0915471161811	0	0	0	0	0	1000	0	0	0.0	0	
12	2019-01-01 12:00:00	0	0	3110.893685946328	0	0	0.0	311.0893685946328	0	0	0	85.27227208861463	3110.893685946328	3196.1659580349424	0	-1.4210854715202004e-14	0.0	323.826097783362	0	15.094378410427215	311.0893685946328	0.39853735028769527	3100.712398400755	3101.1109357510427	0	0.0	0.0	310.1110935751043	0	0.05978060254315429	310.0712398400755	0	0	0	0	0	1000	0	0	0.0	0	
13	2019-01-01 13:00:00	0	0	3098.38202408997	0	0	0.0	309.838202408997	0	0	0	100.5270767245768	3098.38202408997	3198.9091008145465	0	0.0	0.0	324.32386745777916	0	19.92624997129612	309.838202408997	0.013428783705266595	3101.2668678558593	3101.2802966395648	0	0.0	0.0	310.12802966395645	0	0.002014317555789989	310.12668678558595	0	0	0	0	0	1000	0	0	0.0	0	
14	2019-01-01 14:00:00	0	0	3153.328465948522	0	0	0.0	315.33284659485224	0	0	0	71.72797441279016	3153.328465948522	3225.0564403613116	0	-9.947598300641403e-14	0.0	325.16229798880846	0	14.299932424544417	315.33284659485224	0.08578185086639543	3100.9137322922847	3100.999514143151	0	0.0	0.0	310.09995141431506	0	0.012867277629959315	310.0913732292285	0	0	0	0	0	1000	0	0	0.0	0	
15	2019-01-01 15:00:00	0	0	3112.304735115948	0	0	0.0	311.2304735115948	0	0	0	93.25325881496413	3112.304735115948	3205.557993930912	0	-2.842170943040401e-14	0.0	323.01681372355915	0	18.617374493203393	311.2304735115948	0.07208173558383985	3100.386441346811	3100.4585230823945	0	0.0	0.0	310.04585230823943	0	0.010812260337575976	310.03864413468114	0	0	0	0	0	1000	0	0	0.0	0	
16	2019-01-01 16:00:00	0	0	3097.7398146096357	0	0	0.0	309.77398146096357	0	0	0	92.69161408796643	3097.7398146096357	3190.4314286976023	0	-4.121147867408581e-13	0.0	320.542409313236	0	18.439267003066377	309.77398146096357	0.08448859569245466	3100.1141730665304	3100.198661662223	0	0.0	0.0	310.0198661662223	0	0.0126732893538682	310.0114173066531	0	0	0	0	0	1000	0	0	0.0	0	
17	2019-01-01 17:00:00	0	0	3075.68139356736	0	0	0.0	307.568139356736	0	0	0	107.51610744065391	3075.68139356736	3183.1975010080137	0	1.1368683772161603e-13	0.0	320.02735103920617	0	21.29858460696308	307.568139356736	0.10010574343652749	3099.8998942565636	3100	0	0.0	0	310.0	0	0.015015861515479123	309.9899894256564	0	0	0	0	0	1000	0	0	0.0	0	
18	2019-01-01 18:00:00	0	0	3059.067952795191	0	0	0.0	305.90679527951914	0	0	0	128.2365480788988	3059.067952795191	3187.30450087409	0	-2.842170943040401e-14	0.0	325.63665485883865	0	25.63729036702729	305.90679527951914	0.11581268831026022	3099.88418731169	3100	0	0.0	0	310.0	0	0.017371903246539033	309.988418731169	0	0	0	0	0	1000	0	0	0.0	0	
19	2019-01-01 19:00:00	0	0	2961.5262001139827	0	0	0.0	296.15262001139826	0	0	0	222.03368391250189	2961.5262001139827	3183.5598840264847	0	1.1368683772161603e-12	0.0	328.4150570268411	0	44.4157824120842	296.15262001139826	0.12621101671548124	3099.8737889832846	3100	0	0.0	0	310.0	0	0.018931652507322184	309.9873788983285	0	0	0	0	0	1000	0	0	0.0	0	
20	2019-01-01 20:00:00	0	0	2965.676198014589	0	0	0.0	296.5676198014589	0	0	0	213.73010418702128	2965.676198014589	3179.4063022016103	0	1.4210854715202004e-13	0.0	327.3753799799245	0	42.75979900268918	296.5676198014589	2.1386395422396776	3097.8613604577604	3100	0	0.0	0	310.0	0	0.3207959313359516	309.78613604577606	0	0	0	0	0	1000	0	0	0.0	0	
21	2019-01-01 21:00:00	0	0	2987.50537801163	0	0	0.0	298.75053780116303	0	0	0	202.2795711667236	2987.50537801163	3189.7849491783536	0	3.979039320256561e-13	0.0	328.4696742289632	0	40.46063353246984	298.75053780116303	0.1788357612462207	3099.8211642387537	3100	0	0.0	0	310.0	0	0.026825364186933102	309.98211642387537	0	0	0	0	0	1000	0	0	0.0	0	
22	2019-01-01 22:00:00	0	0	2995.7015186715294	0	0	0.0	299.57015186715296	0	0	0	210.608266700756	2995.7015186715294	3206.309785372285	0	2.8421709430404007e-13	0.0	334.27000709140503	0	42.15706989425209	299.57015186715296	0.1619441685148121	3099.8380558314852	3100	0	0.0	0	310.0	0	0.024291625277221816	309.9838055831485	0	0	0	0	0	1000	0	0	0.0	0	
23	2019-01-01 23:00:00	0	0	2969.9333014696185	0	0	0.0	296.99333014696185	0	0	0	254.0761655220576	2969.9333014696185	3224.009466991676	0	9.094947017729282e-13	0.0	335.4029779540205	0	50.82533491997324	296.99333014696185	0.17421261532391447	3099.825787384676	3100	0	0.0	0	310.0	0	0.02613189229858717	309.9825787384676	0	0	0	0	0	1000	0	0	0.0	0	
24	2019-01-02 00:00:00	0	0	3109.321949812689	0	0	0.0	310.93219498126894	0	0	0	123.89157313147818	3109.321949812689	3233.2135229441674	0	4.405364961712621e-13	0.0	336.6612540685768	0	12.81197278562215	310.93219498126894	0.18549479743261355	3099.8145052025675	3100	0	0.0	0	310.0	0	0.02782421961489203	309.9814505202568	0	0	0	0	0	1000	0	0	0.0	0	
25	2019-01-02 01:00:00	0	0	3116.777602037357	0	0	0.0	311.6777602037357	0	0	0	125.97409284702589	3116.777602037357	3242.751694884383	0	5.542233338928781e-13	0.0	334.3244400921447	0	12.758249422102331	311.6777602037357	0.19667785681656746	3099.8033221431833	3100	0	0.0	0	310.0	0	0.029501678522485118	309.98033221431837	0	0	0	0	0	1000	0	0	0.0	0	
26	2019-01-02 02:00:00	0	0	3133.174455882968	0	0	0.0	313.3174455882968	0	0	0	125.83466078343234	3133.174455882968	3259.0091166664	0	-5.684341886080802e-14	0.0	334.64641308329203	0	12.712524578983006	313.3174455882968	0	3100.0	3100	0	0	0	310.0	0	0	310.0	0	0	0	0	0	1000	0	0	0.0	0	
27	2019-01-02 03:00:00	0	0	3139.4204340250567	0	0	0.0	313.9420434025057	0	0	0	122.75982852249332	3139.4204340250567	3262.1802625475502	0	-2.7000623958883807e-13	0.0	332.73767280916655	0	12.369920214867618	313.9420434025057	0	3100.0	3100	0	0	0	310.0	0	0	310.0	0	0	0	0	0	1000	0	0	0.0	0	
28	2019-01-02 04:00:00	0	0	3143.562681299486	0	0	0.0	314.3562681299486	0	0	0	120.32712969646394	3143.562681299486	3263.88981099595	0	-2.984279490192421e-13	0.0	324.0125788401537	0	11.998971724348701	314.3562681299486	0	3100.0	3100	0	0	0	310.0	0	0	310.0	0	0	0	0	0	1000	0	0	0.0	0	
29	2019-01-02 05:00:00	0	0	3147.7574937221943	0	0	0.0	314.7757493722195	0	0	0	118.48975182400588	3147.7574937221943	3266.2472455462002	0	-2.2737367544323206e-13	0.0	321.37131159536005	0	11.775442537475952	314.7757493722195	0	3100.0	3100	0	0	0	310.0	0	0	310.0	0	0	0	0	0	1000	0	0	0.0	0	
30	2019-01-02 06:00:00	0	0	3143.6484168441593	0	0	0.0	314.364841684416	0	0	0	110.24972766049073	3143.6484168441593	3253.89814450465	0	5.115907697472721e-13	0.0	320.2957858673611	0	10.96082378884118	314.364841684416	0	3100.0	3100	0	0	0	310.0	0	0	310.0	0	0	0	0	0	1000	0	0	0.0	0	
31	2019-01-02 07:00:00	0	0	3130.345446758398	0	0	0.0	313.0345446758398	0	0	0	115.42756905145251	3130.345446758398	3245.7730158098498	0	-3.126388037344441e-13	0.0	322.72598428019995	0	11.530595749326453	313.0345446758398	0	3100.0	3100	0	0	0	310.0	0	0	310.0	0	0	0	0	0	1000	0	0	0.0	0	
32	2019-01-02 08:00:00	0	0	3153.9384871268853	0	0	0.0	315.39384871268857	0	0	0	88.79158964396196	3153.9384871268853	3242.730076770847	0	-5.542233338928781e-13	0.0	331.7520636998771	0	8.967763243071095	315.39384871268857	0	3100.0	3100	0	0	0	310.0	0	0	310.0	0	0	0	0	0	1000	0	0	0.0	0	
33	2019-01-02 09:00:00	0	0	3179.3714713701634	0	0	0.0	317.9371471370164	0	0	0	67.99226714911903	3179.3714713701634	3247.3637385192824	0	-2.7000623958883807e-13	4.547473508864641e-13	329.2762702078051	0	7.063276754613341	317.9371471370164	0.9988874897678325	3099.001112510232	3099.9999999999995	0	0.0	4.547473508864641e-13	309.99999999999994	0	0.14983312346517486	309.9001112510232	0	0	0	0	0	1000	0	0	0.0	0	
34	2019-01-02 10:00:00	0	0	3188.4222012419195	0	0	0.0	318.84222012419195	0	0	0	68.31522342325678	3188.4222012419195	3256.737424665176	0	-3.410605131648481e-13	9.094947017729282e-13	330.8771842317331	0	6.856016483529806	318.84222012419195	0	3100.0072510141035	3100.0072510141035	0	0	9.094947017729282e-13	310.00072510141035	0	0	310.00072510141035	0	0	0	0	0	1000	0	0	0.0	0	
35	2019-01-02 11:00:00	0	0	3145.9951891720957	0	0	0.0	314.5995189172096	0	0	0	120.50591191649717	3145.9951891720957	3266.501101088593	0	2.1316282072803006e-13	0.0	330.99503549716275	0	13.548342004583994	314.5995189172096	0	3100.0288639888427	3100.0288639888427	0	0	0.0	310.00288639888424	0	0	310.0028863988843	0	0	0	0	0	1000	0	0	0.0	0	
36	2019-01-02 12:00:00	0	0	3210.044310974064	0	0	0.0	321.00443109740644	0	0	0	52.11625728073503	3210.044310974064	3262.1605682547993	0	-2.4868995751603507e-13	0.0	333.39353651075675	0	10.298617436264172	321.00443109740644	0.672687087550235	3099.4059268653023	3100.0786139528527	0	0.0	0.0	310.00786139528526	0	0.10090306313253525	309.94059268653024	0	0	0	0	0	1000	0	0	0.0	0	
37	2019-01-02 13:00:00	0	0	3184.5914608730036	0	0	0.0	318.4591460873004	0	0	0	67.29785166804687	3184.5914608730036	3251.8893125410505	0	-3.836930773104541e-13	0.0	332.08916178438045	0	13.421971112177395	318.4591460873004	0.09814407294660815	3099.9018559270535	3100	0	0.0	0	310.0	0	0.014721610941991222	309.99018559270536	0	0	0	0	0	1000	0	0	0.0	0	
38	2019-01-02 14:00:00	0	0	3199.637687622965	0	0	0.0	319.9637687622965	0	0	0	71.21617864983124	3199.637687622965	3270.853866272796	0	-7.105427357601002e-14	0.0	330.7461217356207	0	14.215231644627377	319.9637687622965	0.2149267968718195	3099.7914780325605	3100.006404829432	0	0.0	0.0	310.0006404829432	0	0.032239019530772926	309.97914780325607	0	0	0	0	0	1000	0	0	0.0	0	
39	2019-01-02 15:00:00	0	0	3142.0055850238405	0	0	0.0	314.20055850238407	0	0	0	93.27546574267201	3142.0055850238405	3235.2810507665126	0	-1.4210854715202004e-14	0.0	326.6981486074957	0	18.631542733214275	314.20055850238407	0.19089499606701932	3099.809105003933	3100	0	0.0	0	310.0	0	0.028634249410052895	309.9809105003933	0	0	0	0	0	1000	0	0	0.0	0	
40	2019-01-02 16:00:00	0	0	3044.737275503288	0	0	0.0	304.4737275503288	0	0	0	179.29312197828224	3044.737275503288	3224.03039748157	0	2.2737367544323206e-13	0.0	324.46529298473547	0	35.66090418556332	304.4737275503288	0.20172520388008489	3099.79827479612	3100	0	0.0	0	310.0	0	0.030258780582012732	309.979827479612	0	0	0	0	0	1000	0	0	0.0	0	
41	2019-01-02 17:00:00	0	0	2866.8964299853733	0	0	0.0	286.68964299853735	0	0	0	348.1853366565959	2866.8964299853733	3215.081766641969	0	-1.2505552149377763e-12	0.0	323.87163903944753	0	69.41845261449625	286.68964299853735	0.20908093123065347	3099.790919068769	3100	0	0.0	0	310.0	0	0.03136213968459802	309.97909190687693	0	0	0	0	0	1000	0	0	0.0	0	
42	2019-01-02 18:00:00	0	0	2972.667543343209	0	0	0.0	297.2667543343209	0	0	0	253.00358224658615	2972.667543343209	3225.671125589795	0	1.3642420526593924e-12	0.0	332.5123839793177	0	50.57059490442296	297.2667543343209	0.2183860600547296	3099.781613939945	3100	0	0.0	0	310.0	0	0.03275790900820944	309.9781613939945	0	0	0	0	0	1000	0	0	0.0	0	
43	2019-01-02 19:00:00	0	0	2961.9063891904834	0	0	0.0	296.19063891904835	0	0	0	264.7224575139641	2961.9063891904834	3226.6288467044474	0	1.7053025658242404e-13	0.0	337.9108636418503	0	52.96103495672968	296.19063891904835	0.22621961340227792	3099.7737803865975	3100	0	0.0	0	310.0	0	0.033932942010341687	309.97737803865977	0	0	0	0	0	1000	0	0	0.0	0	
44	2019-01-02 20:00:00	0	0	2981.189572149867	0	0	0.0	298.1189572149867	0	0	0	245.04806556792943	2981.189572149867	3226.2376377177966	0	9.094947017729282e-13	0.0	337.48797453658176	0	49.02308456745241	298.1189572149867	2.2343654352033395	3097.7656345647965	3100	0	0.0	0	310.0	0	0.33515481528050095	309.77656345647966	0	0	0	0	0	1000	0	0	0.0	0	
45	2019-01-02 21:00:00	0	0	3010.3602097300736	0	0	0.0	301.0360209730074	0	0	0	234.52728365510933	3010.3602097300736	3244.887493385183	0	-1.2505552149377763e-12	0.0	339.8029165108574	0	46.909799966784334	301.0360209730074	0.27048929101682784	3099.729510708983	3100	0	0.0	0	310.0	0	0.04057339365252418	309.9729510708983	0	0	0	0	0	1000	0	0	0.0	0	
46	2019-01-02 22:00:00	0	0	3029.078703508646	0	0	0.0	302.9078703508646	0	0	0	232.88947240558986	3029.078703508646	3261.9681759142354	0	-7.958078640513122e-13	0.0	346.97703492237713	0	46.61138969330905	302.9078703508646	0.25053861311408576	3099.7494613868857	3100	0	0.0	0	310.0	0	0.037580791967112864	309.9749461386886	0	0	0	0	0	1000	0	0	0.0	0	
47	2019-01-02 23:00:00	0	0	3071.9462514687916	0	0	0.0	307.19462514687916	0	0	0	208.02240307735593	3071.9462514687916	3279.9686545461477	0	3.410605131648481e-13	0.0	346.8666620679513	0	41.614077431659275	307.19462514687916	0.25862924885232397	3099.7413707511478	3100	0	0.0	0	310.0	0	0.038794387327848595	309.9741370751148	0	0	0	0	0	1000	0	0	0.0	0	
48	2019-01-03 00:00:00	0	0	3101.370224230528	0	0	0.0	310.1370224230528	0	0	0	159.911621959152	3101.370224230528	3261.28184618968	0	5.400124791776761e-13	4.547473508864641e-13	342.282770177248	0	16.37197578626693	310.1370224230528	0.2640093931199307	3099.7359906068796	3099.9999999999995	0	0.0	4.547473508864641e-13	309.99999999999994	0	0.0396014089679896	309.973599060688	0	0	0	0	0	1000	0	0	0.0	0	
49	2019-01-03 01:00:00	0	0	3087.7570007321438	0	0	0.0	308.7757000732144	0	0	0	157.45842189183125	3087.7570007321438	3245.215422623975	0	7.105427357601002e-13	0.0	334.7489418778448	0	15.906682326582887	308.7757000732144	0.26679096702514316	3099.733209032975	3100	0	0.0	0	310.0	0	0.04001864505377147	309.9733209032975	0	0	0	0	0	1000	0	0	0.0	0	
50	2019-01-03 02:00:00	0	0	3077.564446268645	0	0	0.0	307.75644462686455	0	0	0	152.51165996610524	3077.564446268645	3230.07610623475	0	-4.263256414560601e-13	0.0	330.16179646638625	0	15.380224497250312	307.75644462686455	0	3100.0	3100	0	0	0	310.0	0	0	310.0	0	0	0	0	0	1000	0	0	0.0	0	
51	2019-01-03 03:00:00	0	0	3096.0347867916653	0	0	0.0	309.6034786791665	0	0	0	145.34375880753484	3096.0347867916653	3241.3785455991997	0	-2.2737367544323206e-13	0.0	329.8212720930078	0	14.628313243371776	309.6034786791665	0	3100.0	3100	0	0	0	310.0	0	0	310.0	0	0	0	0	0	1000	0	0	0.0	0	
52	2019-01-03 04:00:00	0	0	3118.142177385318	0	0	0.0	311.81421773853185	0	0	0	138.76410101888155	3118.142177385318	3256.9062784042	0	-2.5579538487363607e-13	4.547473508864641e-13	323.41548680355913	0	13.842668856590466	311.81421773853185	0	3099.9999999999995	3099.9999999999995	0	0	4.547473508864641e-13	309.99999999999994	0	0	310.0	0	0	0	0	0	1000	0	0	0.0	0	
53	2019-01-03 05:00:00	0	0	3133.9782037837977	0	0	0.0	313.3978203783798	0	0	0	132.0384431337526	3133.9782037837977	3266.01664691755	0	-3.410605131648481e-13	0.0	321.35553864916045	0	13.130311668450638	313.3978203783798	0	3100.0	3100	0	0	0	310.0	0	0	310.0	0	0	0	0	0	1000	0	0	0.0	0	
54	2019-01-03 06:00:00	0	0	3171.0284369584065	0	0	0.0	317.10284369584065	0	0	0	120.6902073529434	3171.0284369584065	3291.7186443113496	0	5.684341886080801e-13	0.0	322.82597730442933	0	12.004871758086459	317.10284369584065	0	3100.0	3100	0	0	0	310.0	0	0	310.0	0	0	0	0	0	1000	0	0	0.0	0	
55	2019-01-03 07:00:00	0	0	3214.159283899	0	0	0.0	321.41592838990005	0	0	0	122.26321713000027	3214.159283899	3336.4225010289997	0	-3.126388037344441e-13	0.0	330.6396843398317	0	12.214160557181227	321.41592838990005	0	3100.0	3100	0	0	0	310.0	0	0	310.0	0	0	0	0	0	1000	0	0	0.0	0	
56	2019-01-03 08:00:00	0	0	3297.014964787804	0	0	0.0	329.7014964787804	0	0	0	94.31601728652325	3297.014964787804	3391.330982074327	0	-5.400124791776761e-13	0.0	354.3988416681275	0	9.554171710855645	329.7014964787804	0	3100.0	3100	0	0	0	310.0	0	0	310.0	0	0	0	0	0	1000	0	0	0.0	0	
57	2019-01-03 09:00:00	0	0	3336.353704114652	0	0	0.0	333.6353704114652	0	0	0	61.80027825504835	3336.353704114652	3398.1539823697003	0	-2.5579538487363607e-13	0.0	348.9648310361666	0	6.1998960893643495	333.6353704114652	0.9988874897678325	3099.1529105005343	3100.151797990302	0	0.0	0.0	310.0151797990302	0	0.14983312346517486	309.91529105005344	0	0	0	0	0	1000	0	0	0.0	0	
58	2019-01-03 10:00:00	0	0	3334.8770672247015	0	0	0.0	333.4877067224702	0	0	0	67.45997395081332	3334.8770672247015	3402.337041175515	0	-3.552713678800501e-13	4.547473508864641e-13	350.25468817852305	0	6.755231743893405	333.4877067224702	0	3100.5001718691424	3100.5001718691424	0	0	4.547473508864641e-13	310.05001718691426	0	0	310.05001718691426	0	0	0	0	0	1000	0	0	0.0	0	
59	2019-01-03 11:00:00	0	0	3342.6071538215465	0	0	0.0	334.2607153821547	0	0	0	61.41496686981995	3342.6071538215465	3404.0221206913666	0	1.9184653865522705e-13	0.0	348.31281089849415	0	6.150795753487634	334.2607153821547	0	3100.934042938207	3100.934042938207	0	0	0.0	310.0934042938207	0	0	310.0934042938207	0	0	0	0	0	1000	0	0	0.0	0	
60	2019-01-03 12:00:00	0	0	3307.110778413233	0	0	0.0	330.71107784132334	0	0	0	49.09839680909127	3307.110778413233	3356.2091752223246	0	-2.4158453015843406e-13	0.0	346.9014270953298	0	9.801401043739576	330.71107784132334	0.6328493940587376	3100.415307351638	3101.048156745697	0	0.0	0.0	310.1048156745697	0	0.09492740910881065	310.04153073516386	0	0	0	0	0	1000	0	0	0.0	0	
61	2019-01-03 13:00:00	0	0	3260.05778970541	0	0	0.0	326.00577897054103	0	0	0	60.65207481527654	3260.05778970541	3320.709864520686	0	-3.339550858072471e-13	0.0	342.0419770875222	0	12.110961743468796	326.00577897054103	0.04036515014534522	3101.0845201274396	3101.124885277585	0	0.0	0.0	310.1124885277585	0	0.006054772521801782	310.108452012744	0	0	0	0	0	1000	0	0	0.0	0	
62	2019-01-03 14:00:00	0	0	3232.6238207915385	0	0	0.0	323.2623820791539	0	0	0	58.44837385536025	3232.6238207915385	3291.072194646899	0	-2.842170943040401e-14	0.0	333.17460795826725	0	11.661670685733167	323.2623820791539	0.1500889897505414	3101.007311769452	3101.1574007592026	0	0.0	0.0	310.11574007592026	0	0.022513348462581212	310.1007311769452	0	0	0	0	0	1000	0	0	0.0	0	
63	2019-01-03 15:00:00	0	0	3171.288622087037	0	0	0.0	317.1288622087037	0	0	0	73.91638196052313	3171.288622087037	3245.20500404756	0	-8.526512829121202e-14	0.0	327.91154453785265	0	14.759725976784564	317.1288622087037	0.12045810693085776	3100.2885881032603	3100.4090462101913	0	0.0	0.0	310.0409046210191	0	0.018068716039628663	310.028858810326	0	0	0	0	0	1000	0	0	0.0	0	
64	2019-01-03 16:00:00	0	0	3065.1572042374464	0	0	0.0	306.51572042374465	0	0	0	149.95518361248415	3065.1572042374464	3215.1123878499307	0	1.4210854715202004e-13	0.0	323.4241174531922	0	29.965395669785384	306.51572042374465	0.13397544870142053	3099.878733139143	3100.0127085878444	0	0.0	0.0	310.00127085878444	0	0.02009631730521308	309.98787331391435	0	0	0	0	0	1000	0	0	0.0	0	
65	2019-01-03 17:00:00	0	0	2876.1102991612283	0	0	0.0	287.61102991612285	0	0	0	325.0481780253781	2876.1102991612283	3201.1584771866064	0	-1.0800249583553523e-12	0.0	322.1926985317253	0	64.79102088825255	287.61102991612285	0.15131857264370627	3099.8486814273565	3100	0	0.0	0	310.0	0	0.02269778589655594	309.98486814273565	0	0	0	0	0	1000	0	0	0.0	0	
66	2019-01-03 18:00:00	0	0	2970.528067877851	0	0	0.0	297.0528067877851	0	0	0	229.08937890104005	2970.528067877851	3199.617446778891	0	1.0800249583553523e-12	0.0	327.8447726304447	0	45.78775423531383	297.0528067877851	0.16771717750887444	3099.832282822491	3100	0	0.0	0	310.0	0	0.025157576626331165	309.9832282822491	0	0	0	0	0	1000	0	0	0.0	0	
67	2019-01-03 19:00:00	0	0	2954.4957111939634	0	0	0.0	295.44957111939635	0	0	0	242.2210667873872	2954.4957111939634	3196.7167779813503	0	2.5579538487363607e-13	0.0	331.3184263535125	0	48.46075681141427	295.44957111939635	0.17796873559933585	3099.8220312644007	3100	0	0.0	0	310.0	0	0.026695310339900375	309.9822031264401	0	0	0	0	0	1000	0	0	0.0	0	
68	2019-01-03 20:00:00	0	0	2970.488521687911	0	0	0.0	297.04885216879114	0	0	0	223.15312891950867	2970.488521687911	3193.6416506074193	0	1.1084466677857563e-12	0.0	330.45172748449176	0	44.64409723776824	297.04885216879114	2.188620989380595	3097.8113790106195	3100	0	0.0	0	310.0	0	0.3282931484070893	309.781137901062	0	0	0	0	0	1000	0	0	0.0	0	
69	2019-01-03 21:00:00	0	0	2983.3249227929196	0	0	0.0	298.33249227929196	0	0	0	213.04142108326747	2983.3249227929196	3196.366343876187	0	-1.2221335055073723e-12	0.0	329.8272404281362	0	42.612627452415865	298.33249227929196	0.2270783088131464	3099.7729216911866	3100	0	0.0	0	310.0	0	0.03406174632197195	309.9772921691187	0	0	0	0	0	1000	0	0	0.0	0	
70	2019-01-03 22:00:00	0	0	2990.288059124551	0	0	0.0	299.02880591245514	0	0	0	212.33883454452433	2990.288059124551	3202.6268936690753	0	-7.673861546209082e-13	0.0	333.43605086743946	0	42.50126212109598	299.02880591245514	0.20965200252497584	3099.7903479974752	3100	0	0.0	0	310.0	0	0.03144780037874637	309.9790347997475	0	0	0	0	0	1000	0	0	0.0	0	
71	2019-01-03 23:00:00	0	0	3037.6479546056166	0	0	0.0	303.7647954605617	0	0	0	189.91465907569304	3037.6479546056166	3227.56261368131	0	5.684341886080802e-14	0.0	336.13510858986007	0	37.992528631326756	303.7647954605617	0.22007229509018808	3099.77992770491	3100	0	0.0	0	310.0	0	0.03301084426352821	309.977992770491	0	0	0	0	0	1000	0	0	0.0	0	
72	2019-01-04 00:00:00	0	0	11019.125145623053	0	0	0.0	1101.9125145623054	0	0	0	146.66808813150635	5509.5625728115265	16655.765668623397	0	6.821210263296962e-13	0.0	1681.2228825726247	0	15.047622403502341	550.9562572811527	0.2324961598175835	6199.535007680365	3100	0	0.0	0	310.0	0	0.03487442397263753	619.9535007680365	0	4799.999999999999	1000.0	0	0	0.0	200.0	0	0	479.99999999999994	
73	2019-01-04 01:00:00	0	0	9059.949921976075	0	0	0.0	905.9949921976075	0	0	0	149.76654600835752	4529.974960988037	13679.248594022683	0	6.536993168992922e-13	9.094947017729282e-13	1380.5780132351408	0	15.137494738235494	452.99749609880377	0.24645648685565802	6199.507087026289	3100	0	0.0	0	310.0	0	0.0369684730283487	619.950708702629	0	2799.999999999999	1000.0	0	0	0.0	170.3	0	0	279.99999999999994	
74	2019-01-04 02:00:00	0	0	3520.210474185632	0	0	0.0	352.0210474185632	0	0	0	150.22045555876812	3520.210474185632	3670.4309297443997	0	-3.126388037344441e-13	0.0	376.416794110382	0	15.151104056516576	352.0210474185632	0	3100.0	3100	0	0	0	310.0	0	0	310.0	0	400.0	400.0	0	0	600.0	62.0	0	0	40.0	
75	2019-01-04 03:00:00	0	0	3115.3007454554418	0	0	0.0	311.5300745455442	0	0	0	146.01092208495825	3115.3007454554418	3261.3116675404	0	-1.7053025658242404e-13	0.0	332.6158957891641	0	14.695029571114118	311.5300745455442	0	3100.0	3100	0	0	0	310.0	0	0	310.0	0.0	0	0	0	0	1000.0	0	0	0.0	0	
76	2019-01-04 04:00:00	0	0	3115.49533977478	0	0	0.0	311.549533977478	0	0	0	141.22236386187038	3115.49533977478	3256.71770363665	0	-3.979039320256561e-13	0.0	323.3993636609336	0	14.088495140889354	311.549533977478	0	3100.0	3100	0	0	0	310.0	0	0	310.0	0.0	0	0	0	0	1000.0	0	0	0.0	0	
77	2019-01-04 05:00:00	0	0	3144.8113368464774	0	0	0.0	314.4811336846478	0	0	0	136.52837474097262	3144.8113368464774	3281.33971158745	0	-3.694822225952521e-13	0.0	322.4036362725816	0	13.585624829172641	314.4811336846478	0	3100.0	3100	0	0	0	310.0	0	0	310.0	0.0	0	0	0	0	1000.0	0	0	0.0	0	
78	2019-01-04 06:00:00	0	0	3194.82886292118	0	0	0.0	319.48288629211805	0	0	0	125.71044719916979	3194.82886292118	3320.53931012035	0	5.968558980384842e-13	0.0	324.75407984705146	0	12.513515742709094	319.48288629211805	0	3100.0	3100	0	0	0	310.0	0	0	310.0	0.0	0	0	0	0	1000.0	0	0	0.0	0	
79	2019-01-04 07:00:00	0	0	3201.5239190052084	0	0	0.0	320.15239190052085	0	0	0	126.94582290039159	3201.5239190052084	3328.4697419055997	0	-2.4158453015843406e-13	0.0	329.9454084683589	0	12.68496113422036	320.15239190052085	0	3100.0	3100	0	0	0	310.0	0	0	310.0	0.0	0	0	0	0	1000.0	0	0	0.0	0	
80	2019-01-04 08:00:00	0	0	3238.6668871553256	0	0	0.0	323.8666887155326	0	0	0	97.30958133272155	3238.6668871553256	3335.976468488047	0	-5.684341886080801e-13	0.0	345.96281379757835	0	9.809082411947056	323.8666887155326	0	3100.0	3100	0	0	0	310.0	0	0	310.0	0.0	0	0	0	0	1000.0	0	0	0.0	0	
81	2019-01-04 09:00:00	0	0	3292.595976352775	0	0	0.0	329.2595976352775	0	0	0	65.23052104726452	3292.595976352775	3357.8264974000394	0	-2.4158453015843406e-13	0.0	343.6989538528246	0	6.560354732934415	329.2595976352775	0.9988874897678325	3099.123748615052	3100.12263610482	0	0.0	0.0	310.01226361048197	0	0.14983312346517486	309.9123748615052	0.0	0	0	0	0	1000.0	0	0	0.0	0	
82	2019-01-04 10:00:00	0	0	3306.7729341136155	0	0	0.0	330.6772934113616	0	0	0	70.48637748145755	3306.7729341136155	3377.259311595073	0	-3.410605131648481e-13	0.0	346.91581650012705	0	7.0578720969578255	330.6772934113616	0	3100.455536275201	3100.455536275201	0	0	0.0	310.0455536275201	0	0	310.0455536275201	0.0	0	0	0	0	1000.0	0	0	0.0	0	
83	2019-01-04 11:00:00	0	0	3349.6486171050965	0	0	0.0	334.9648617105097	0	0	0	64.75711393055384	3349.6486171050965	3414.40573103565	0	1.8474111129762605e-13	0.0	349.6235971684192	0	6.490924285749968	334.9648617105097	0	3100.8799047960283	3100.8799047960283	0	0	0.0	310.0879904796028	0	0	310.08799047960287	0.0	0	0	0	0	1000.0	0	0	0.0	0	
84	2019-01-04 12:00:00	0	0	3380.1848722059613	0	0	0.0	338.01848722059617	0	0	0	50.84064905293553	3380.1848722059613	3431.025521258897	0	-2.6290081223123707e-13	0.0	357.6854465912759	0	10.149851492508436	338.01848722059617	0.7352495375649858	3100.3476422251965	3101.0828917627614	0	0.0	0.0	310.1082891762761	0	0.11028743063474787	310.0347642225197	0.0	0	0	0	0	1000.0	0	0	0.0	0	
85	2019-01-04 13:00:00	0	0	3382.152225274015	0	0	0.0	338.2152225274015	0	0	0	66.75362603549209	3382.152225274015	3448.9058513095074	0	-3.836930773104541e-13	4.547473508864641e-13	360.6769472424698	0	13.331271987511913	338.2152225274015	0.07054167161593891	3101.188624183535	3101.259165855151	0	0.0	4.547473508864641e-13	310.1259165855151	0	0.010581250742390837	310.1188624183535	0.0	0	0	0	0	1000.0	0	0	0.0	0	
86	2019-01-04 14:00:00	0	0	3386.9710584831873	0	0	0.0	338.69710584831876	0	0	0	68.19891465276028	3386.9710584831873	3455.1699731359477	0	-4.263256414560601e-14	0.0	353.09864689583355	0	13.61177884521317	338.69710584831876	0.19755299107084318	3100.8872823771258	3101.0848353681968	0	0.0	0.0	310.1084835368197	0	0.029632948660626476	310.0887282377126	0.0	0	0	0	0	1000.0	0	0	0.0	0	
87	2019-01-04 15:00:00	0	0	3372.831922181153	0	0	0.0	337.28319221811535	0	0	0	87.12173110772513	3372.831922181153	3459.9536532888783	0	0.0	0.0	354.40403304867425	0	17.40079580622492	337.28319221811535	0.16531161571484282	3100.6088789390315	3100.7741905547464	0	0.0	0.0	310.07741905547465	0	0.024796742357226422	310.06088789390316	0.0	0	0	0	0	1000.0	0	0	0.0	0	
88	2019-01-04 16:00:00	0	0	3276.2740505963775	0	0	0.0	327.6274050596378	0	0	0	170.9895958389016	3276.2740505963775	3447.2636464352786	0	2.8421709430404007e-13	0.0	350.48575883641195	0	34.065713028316395	327.6274050596378	0.1802866124540575	3100.312189032629	3100.492475645083	0	0.0	0.0	310.0492475645083	0	0.027042991868108626	310.0312189032629	0.0	0	0	0	0	1000.0	0	0	0.0	0	
89	2019-01-04 17:00:00	0	0	3102.55753191346	0	0	0.0	310.255753191346	0	0	0	345.18673236140324	3102.55753191346	3447.7442642748633	0	-1.4779288903810084e-12	0.0	351.90726912699	0	68.81873175545765	310.255753191346	0.19928204238645963	3099.8007179576134	3100	0	0.0	0	310.0	0	0.029892306357968943	309.9800717957614	0.0	0	0	0	0	1000.0	0	0	0.0	0	
90	2019-01-04 18:00:00	0	0	3184.643156295784	0	0	0.0	318.46431562957844	0	0	0	250.1847077973153	3184.643156295784	3434.8278640930994	0	1.3358203432289883e-12	4.547473508864641e-13	369.9511395340332	0	50.00682001456889	318.46431562957844	0.21458052365066782	3099.785419476349	3099.9999999999995	0	0.0	4.547473508864641e-13	309.99999999999994	0	0.032187078547600174	309.97854194763494	0.0	0	0	0	0	1000.0	0	0	0.0	0	
91	2019-01-04 19:00:00	0	0	3161.111457621353	0	0	0.0	316.1111457621353	0	0	0	262.20329303484607	3161.111457621353	3423.314750656199	0	1.7053025658242404e-13	4.547473508864641e-13	381.2204893973985	0	52.45720206090609	316.1111457621353	0.22114228705084865	3099.7788577129486	3099.9999999999995	0	0.0	4.547473508864641e-13	309.99999999999994	0	0.0331713430576273	309.9778857712949	0.0	0	0	0	0	1000.0	0	0	0.0	0	
92	2019-01-04 20:00:00	0	0	3167.985751418725	0	0	0.0	316.79857514187256	0	0	0	243.3395714914189	3167.985751418725	3411.325322910144	0	1.0231815394945443e-12	0.0	377.4109365693675	0	48.68138575215027	316.79857514187256	2.230461691006199	3097.769538308994	3100	0	0.0	0	310.0	0	0.3345692536509298	309.7769538308994	0.0	0	0	0	0	1000.0	0	0	0.0	0	
93	2019-01-04 21:00:00	0	0	3173.5461109901503	0	0	0.0	317.3546110990151	0	0	0	232.8061107449712	3173.5461109901503	3406.3522217351215	0	-1.3358203432289883e-12	0.0	372.9835916783922	0	46.56556538475671	317.3546110990151	0.2673944248788181	3099.7326055751214	3100	0	0.0	0	310.0	0	0.04010916373182272	309.97326055751216	0.0	0	0	0	0	1000.0	0	0	0.0	0	
94	2019-01-04 22:00:00	0	0	3170.7390775536787	0	0	0.0	317.0739077553679	0	0	0	231.21395612799506	3170.7390775536787	3401.953033681674	0	-8.526512829121202e-13	0.0	378.90716253918106	0	46.27628643779014	317.0739077553679	0.24727210297640698	3099.7527278970238	3100	0	0.0	0	310.0	0	0.03709081544646105	309.9752727897024	0.0	0	0	0	0	1000.0	0	0	0.0	0	
95	2019-01-04 23:00:00	0	0	3192.004814083411	0	0	0.0	319.20048140834115	0	0	0	206.44763371200187	3192.004814083411	3398.452447795413	0	1.1368683772161603e-13	0.0	371.11995635593917	0	41.299123558588455	319.20048140834115	0.2553991615874007	3099.7446008384127	3100	0	0.0	0	310.0	0	0.03830987423811011	309.9744600838413	0.0	0	0	0	0	1000.0	0	0	0.0	0	
96	2019-01-05 00:00:00	0	0	17675.607480902752	0	0	0.0	1767.5607480902754	0	0	0	159.1232586434973	8837.803740451376	26396.403648524618	0	4.831690603168681e-13	0.0	2669.3592322904624	0	16.29313945470148	883.7803740451377	0.261675285126724	6199.476649429746	3100	0	0.0	0	310.0	0	0.0392512927690086	619.9476649429747	0	11200.0	1000.0	0	0	0.0	200.0	0	0	1120.0	
97	2019-01-05 01:00:00	0	0	15692.97227318261	0	0	0.0	1569.297227318261	0	0	0	156.6908489930967	7846.486136591305	23402.646336295507	0	7.958078640513122e-13	0.0	2361.5966280386388	0	15.829925036709405	784.6486136591305	0.2653246444486677	6199.469350711102	3100	0	0.0	0	310.0	0	0.039798696667300154	619.9469350711103	0	9200.0	1000.0	0	0	0.0	170.3	0	0	920.0	
98	2019-01-05 02:00:00	0	0	13732.7309878089	0	0	0.0	1373.27309878089	0	0	0	151.77215341914976	6866.36549390445	20418.1376473236	0	-4.547473508864641e-13	0.0	2059.3113353351578	0	15.306273842554749	686.636549390445	0	6200.0	3100	0	0	0	310.0	0	0	620.0	0	7200.0	1000.0	0	0	0.0	155.0	0	0	720.0	
99	2019-01-05 03:00:00	0	0	11768.078997320705	0	0	0.0	1176.8078997320706	0	0	0	144.65977946699817	5884.039498660352	17428.69927812735	0	-2.8421709430404007e-13	0.0	1756.0836387934544	0	14.559915309318123	588.4039498660353	0	6200.0	3100	0	0	0	310.0	0	0	620.0	0	5200.0	1000.0	0	0	0.0	140.2	0	0	520.0	
100	2019-01-05 04:00:00	0	0	9798.07554096843	0	0	0.0	979.807554096843	0	0	0	138.14953530813432	4899.037770484215	14437.18730579235	0	-2.8421709430404007e-13	0.0	1438.8295146452458	0	13.781212285515743	489.9037770484215	0	6200.0	3100	0	0	0	310.0	0	0	620.0	0	3200.0	1000.0	0	0	0.0	85.5	0	0	320.0	
101	2019-01-05 05:00:00	0	0	3903.4948044144476	0	0	0.0	390.34948044144477	0	0	0	132.0384431337526	3903.4948044144476	4035.5332475482	0	-3.410605131648481e-13	0.0	392.9504741322969	0	13.130311668450638	390.34948044144477	0	3100.0	3100	0	0	0	310.0	0	0	310.0	0	600.0	600.0	0	0	400.0	41.04	0	0	60.0	
102	2019-01-05 06:00:00	0	0	3305.461965066992	0	0	0.0	330.54619650669923	0	0	0	120.25518736575793	3305.461965066992	3425.7171524327505	0	6.394884621840902e-13	0.0	331.79047749775094	0	11.961369759367908	330.54619650669923	0	3100.0	3100	0	0	0	310.0	0	0	310.0	0.0	0	0	0	0	1000.0	0	0	0.0	0	
103	2019-01-05 07:00:00	0	0	3293.30009459665	0	0	0.0	329.330009459665	0	0	0	122.26321713000024	3293.30009459665	3415.5633117266498	0	-3.268496584496461e-13	0.0	337.5486771137365	0	12.214160557181227	329.330009459665	0	3100.0	3100	0	0	0	310.0	0	0	310.0	0.0	0	0	0	0	1000.0	0	0	0.0	0	
104	2019-01-05 08:00:00	0	0	3316.804222860404	0	0	0.0	331.6804222860404	0	0	0	94.31336345894557	3316.804222860404	3411.11758631935	0	-5.400124791776761e-13	0.0	357.4143201550689	0	9.553906328097877	331.6804222860404	0	3100.0	3100	0	0	0	310.0	0	0	310.0	0.0	0	0	0	0	1000.0	0	0	0.0	0	
105	2019-01-05 09:00:00	0	0	3361.6028997354147	0	0	0.0	336.16028997354147	0	0	0	64.77093123290017	3361.6028997354147	3426.3738309683145	0	-2.4158453015843406e-13	4.547473508864641e-13	352.65484156505624	0	6.54956852729345	336.16028997354147	0.9988874897678325	3099.0059071701176	3100.004794659885	0	0.0	4.547473508864641e-13	310.0004794659885	0	0.14983312346517486	309.90059071701177	0.0	0	0	0	0	1000.0	0	0	0.0	0	
106	2019-01-05 10:00:00	0	0	3381.65819875182	0	0	0.0	338.165819875182	0	0	0	70.3514918095593	3381.65819875182	3452.009690561379	0	-3.268496584496461e-13	0.0	356.86978585017374	0	7.044383529768001	338.165819875182	0	3100.539305198857	3100.539305198857	0	0	0.0	310.05393051988574	0	0	310.05393051988574	0.0	0	0	0	0	1000.0	0	0	0.0	0	
107	2019-01-05 11:00:00	0	0	3386.711161881655	0	0	0.0	338.6711161881655	0	0	0	65.27784131646101	3386.711161881655	3451.989003198116	0	1.8474111129762605e-13	0.0	354.36447789084747	0	6.537083198151744	338.6711161881655	0	3100.817448752294	3100.817448752294	0	0	0.0	310.08174487522933	0	0	310.0817448752294	0.0	0	0	0	0	1000.0	0	0	0.0	0	
108	2019-01-05 12:00:00	0	0	3389.611252559954	0	0	0.0	338.96112525599546	0	0	0	51.24010600142579	3389.611252559954	3440.85135856138	0	-2.5579538487363607e-13	0.0	359.1013615799593	0	10.229742882206486	338.96112525599546	0.7447505044642899	3100.34737389423	3101.092124398694	0	0.0	0.0	310.1092124398694	0	0.11171257566964349	310.034737389423	0.0	0	0	0	0	1000.0	0	0	0.0	0	
109	2019-01-05 13:00:00	0	0	3364.3739498065256	0	0	0.0	336.4373949806526	0	0	0	69.3421155572101	3364.3739498065256	3433.7160653637357	0	-3.836930773104541e-13	4.547473508864641e-13	358.4735262886663	0	13.848969891855521	336.4373949806526	0.09779566911810067	3101.0746611282134	3101.1724567973315	0	0.0	4.547473508864641e-13	310.1172456797332	0	0.014669350367715099	310.1074661128214	0.0	0	0	0	0	1000.0	0	0	0.0	0	
110	2019-01-05 14:00:00	0	0	3344.4650310953616	0	0	0.0	334.4465031095362	0	0	0	73.36376142897089	3344.4650310953616	3417.8287925243326	0	-5.684341886080802e-14	0.0	348.5681123108841	0	14.644748200455304	334.4465031095362	0.22405932663396216	3100.7618271761635	3100.9858865027973	0	0.0	0.0	310.0985886502797	0	0.033608898995094325	310.07618271761635	0.0	0	0	0	0	1000.0	0	0	0.0	0	
111	2019-01-05 15:00:00	0	0	3324.664413980384	0	0	0.0	332.4664413980384	0	0	0	94.70225903150737	3324.664413980384	3419.366673011891	0	-4.263256414560601e-14	0.0	349.3956033073702	0	18.916901390981337	332.4664413980384	0.19303451751307504	3100.6087240297943	3100.8017585473076	0	0.0	0.0	310.0801758547308	0	0.028955177626961256	310.06087240297944	0.0	0	0	0	0	1000.0	0	0	0.0	0	
112	2019-01-05 16:00:00	0	0	3260.469752676971	0	0	0.0	326.0469752676971	0	0	0	178.7104559524128	3260.469752676971	3439.1802086293833	0	1.1368683772161603e-13	0.0	349.5467161576502	0	35.71645013777104	326.0469752676971	0.20323281774003357	3100.1021788274616	3100.3054116452017	0	0.0	0.0	310.0305411645202	0	0.030484922661005033	310.0102178827462	0.0	0	0	0	0	1000.0	0	0	0.0	0	
113	2019-01-05 17:00:00	0	0	3106.7434594614683	0	0	0.0	310.67434594614684	0	0	0	350.226909182175	3106.7434594614683	3456.9703686436433	0	-1.3642420526593924e-12	0.0	353.0192862876323	0	69.82676711961213	310.67434594614684	0.21253005235680428	3099.7874699476433	3100	0	0.0	0	310.0	0	0.03187950785352064	309.9787469947644	0.0	0	0	0	0	1000.0	0	0	0.0	0	
114	2019-01-05 18:00:00	0	0	3208.452836194661	0	0	0.0	320.8452836194661	0	0	0	255.2504021731774	3208.452836194661	3463.7032383678384	0	1.1652900866465643e-12	0.0	375.1205392502463	0	51.01995888974129	320.8452836194661	0.2235390177614083	3099.7764609822384	3100	0	0.0	0	310.0	0	0.03353085266421124	309.9776460982239	0.0	0	0	0	0	1000.0	0	0	0.0	0	
115	2019-01-05 19:00:00	0	0	3213.323803822393	0	0	0.0	321.3323803822393	0	0	0	267.6776017983705	3213.323803822393	3481.0014056207638	0	2.2737367544323206e-13	0.0	393.92438566764156	0	53.552063813610985	321.3323803822393	0.2319147250362054	3099.7680852749636	3100	0	0.0	0	310.0	0	0.03478720875543081	309.97680852749636	0.0	0	0	0	0	1000.0	0	0	0.0	0	
116	2019-01-05 20:00:00	0	0	3242.436968438807	0	0	0.0	324.24369684388074	0	0	0	248.10347813471753	3242.436968438807	3490.5404465735246	0	1.0516032489249483e-12	0.0	394.4988584209121	0	49.63416708081001	324.24369684388074	2.2410034140251294	3097.7589965859747	3100	0	0.0	0	310.0	0	0.3361505121037694	309.7758996585975	0.0	0	0	0	0	1000.0	0	0	0.0	0	
117	2019-01-05 21:00:00	0	0	3236.2312517064047	0	0	0.0	323.6231251706405	0	0	0	238.53117034370348	3236.2312517064047	3474.762422050108	0	-1.1652900866465643e-12	0.0	387.04298889140995	0	47.71057730450315	323.6231251706405	0.277830901542038	3099.722169098458	3100	0	0.0	0	310.0	0	0.0416746352313057	309.9722169098458	0.0	0	0	0	0	1000.0	0	0	0.0	0	
118	2019-01-05 22:00:00	0	0	3209.3626171135656	0	0	0.0	320.93626171135656	0	0	0	236.93124420880682	3209.3626171135656	3446.2938613223723	0	-6.536993168992922e-13	0.0	389.0227806161448	0	47.419744053952485	320.93626171135656	0.258788825227978	3099.741211174772	3100	0	0.0	0	310.0	0	0.0388183237841967	309.97412111747724	0.0	0	0	0	0	1000.0	0	0	0.0	0	
119	2019-01-05 23:00:00	0	0	3207.354304458514	0	0	0.0	320.7354304458514	0	0	0	212.72199810125312	3207.354304458514	3420.076302559767	0	1.9895196601282805e-13	0.0	375.54763584507765	0	42.55399643643875	320.7354304458514	0.26759036383298207	3099.732409636167	3100	0	0.0	0	310.0	0	0.04013855457494731	309.9732409636167	0.0	0	0	0	0	1000.0	0	0	0.0	0	
120	2019-01-06 00:00:00	0	0	17676.536986500476	0	0	0.0	1767.6536986500478	0	0	0	167.59508513052938	8838.268493250238	26405.308593581605	0	6.252776074688882e-13	0.0	2671.1449664361953	0	17.140322103404667	883.8268493250239	0.2774923995825944	6199.445015200835	3100	0	0.0	0	310.0	0	0.04162385993738916	619.9445015200836	0	11200.0	1000.0	0	0	0.0	200.0	0	0	1120.0	
121	2019-01-06 01:00:00	0	0	15657.370376606372	0	0	0.0	1565.7370376606373	0	0	0	168.9604818756202	7828.685188303186	23397.06954094292	0	7.958078640513122e-13	0.0	2360.6516956505034	0	17.056888324961747	782.8685188303186	0.2880646179440883	6199.423870764112	3100	0	0.0	0	310.0	0	0.04320969269161324	619.9423870764113	0	9200.0	1000.0	0	0	0.0	170.3	0	0	920.0	
122	2019-01-06 02:00:00	0	0	13652.520234306641	0	0	0.0	1365.2520234306642	0	0	0	167.04987321487866	6826.260117153321	20393.3099903682	0	-7.389644451905042e-13	0.0	2055.463048507071	0	16.82304582212766	682.6260117153321	0	6200.0	3100	0	0	0	310.0	0	0	620.0	0	7200.0	1000.0	0	0	0.0	155.0	0	0	720.0	
123	2019-01-06 03:00:00	0	0	11647.067569549636	0	0	0.0	1164.7067569549636	0	0	0	160.1828962677826	5823.533784774818	17383.7166810426	0	-2.5579538487363607e-13	0.0	1749.7770786821727	0	16.104186989396556	582.3533784774818	0	6200.0	3100	0	0	0	310.0	0	0	620.0	0	5200.0	1000.0	0	0	0.0	140.2	0	0	520.0	
124	2019-01-06 04:00:00	0	0	9667.892384762476	0	0	0.0	966.7892384762476	0	0	0	153.9282437875627	4833.946192381238	14387.874436168799	0	-3.694822225952521e-13	0.0	1434.6132642924324	0	15.361983133458606	483.3946192381238	0	6200.0	3100	0	0	0	310.0	0	0	620.0	0	3200.0	1000.0	0	0	0.0	85.5	0	0	320.0	
125	2019-01-06 05:00:00	0	0	3867.9959405830105	0	0	0.0	386.79959405830107	0	0	0	146.95044497923928	3867.9959405830105	4014.94638556225	0	-4.831690603168681e-13	0.0	391.5423327724579	0	14.627831852999316	386.79959405830107	0	3100.0	3100	0	0	0	310.0	0	0	310.0	0	600.0	600.0	0	0	400.0	41.04	0	0	60.0	
126	2019-01-06 06:00:00	0	0	3275.4302779702407	0	0	0.0	327.5430277970241	0	0	0	133.5408069685094	3275.4302779702407	3408.97108493875	0	6.821210263296962e-13	0.0	330.6701655824024	0	13.296551719643064	327.5430277970241	0	3100.0	3100	0	0	0	310.0	0	0	310.0	0.0	0	0	0	0	1000.0	0	0	0.0	0	
127	2019-01-06 07:00:00	0	0	3260.1556917877388	0	0	0.0	326.0155691787739	0	0	0	132.8049498248611	3260.1556917877388	3392.9606416126	0	-2.8421709430404007e-13	0.0	335.57546401278	0	13.270873826667307	326.0155691787739	0	3100.0	3100	0	0	0	310.0	0	0	310.0	0.0	0	0	0	0	1000.0	0	0	0.0	0	
128	2019-01-06 08:00:00	0	0	3289.3184903363676	0	0	0.0	328.9318490336368	0	0	0	101.67769283443243	3289.3184903363676	3390.9961831707997	0	-4.689582056016661e-13	0.0	354.3478183152299	0	10.245893562118141	328.9318490336368	0	3100.0	3100	0	0	0	310.0	0	0	310.0	0.0	0	0	0	0	1000.0	0	0	0.0	0	
129	2019-01-06 09:00:00	0	0	3347.7008523835757	0	0	0.0	334.7700852383576	0	0	0	69.77476050634341	3347.7008523835757	3417.475612889919	0	-2.5579538487363607e-13	0.0	351.4916404230038	0	7.060830649628411	334.7700852383576	0.9988874897678325	3099.0416542620815	3100.040541751849	0	0.0	0.0	310.00405417518493	0	0.14983312346517486	309.9041654262082	0.0	0	0	0	0	1000.0	0	0	0.0	0	
130	2019-01-06 10:00:00	0	0	3375.3371642963525	0	0	0.0	337.53371642963526	0	0	0	73.466366675032	3375.3371642963525	3448.8035309713846	0	-3.552713678800501e-13	0.0	356.45523594583955	0	7.355871016315273	337.53371642963526	0	3100.162481311716	3100.162481311716	0	0	0.0	310.0162481311716	0	0	310.0162481311716	0.0	0	0	0	0	1000.0	0	0	0.0	0	
131	2019-01-06 11:00:00	0	0	3383.330678451105	0	0	0.0	338.3330678451105	0	0	0	70.28447888847447	3383.330678451105	3453.6151573395796	0	9.947598300641403e-14	4.547473508864641e-13	354.57484133286204	0	7.1201518198074885	338.3330678451105	0	3100.6141765386574	3100.6141765386574	0	0	4.547473508864641e-13	310.06141765386576	0	0	310.06141765386576	0.0	0	0	0	0	1000.0	0	0	0.0	0	
132	2019-01-06 12:00:00	0	0	3402.5156329418487	0	0	0.0	340.2515632941849	0	0	0	64.39607221684739	3402.5156329418487	3466.911705158696	0	-2.8421709430404007e-13	4.547473508864641e-13	362.85534191844226	0	12.191071832610893	340.2515632941849	0.8306982731591602	3100.3772062341454	3101.2079045073046	0	0.0	4.547473508864641e-13	310.12079045073045	0	0.12460474097387403	310.03772062341454	0.0	0	0	0	0	1000.0	0	0	0.0	0	
133	2019-01-06 13:00:00	0	0	3434.376514904036	0	0	0.0	343.4376514904036	0	0	0	75.11713110795763	3434.376514904036	3509.493646011993	0	-4.405364961712621e-13	0.0	369.48583163467435	0	14.82502126026037	343.4376514904036	0.09253938403482793	3101.201420605056	3101.2939599890906	0	0.0	0.0	310.12939599890905	0	0.01388090760522419	310.1201420605056	0.0	0	0	0	0	1000.0	0	0	0.0	0	
134	2019-01-06 14:00:00	0	0	3454.4644071817725	0	0	0.0	345.44644071817726	0	0	0	75.83228319950553	3454.4644071817725	3530.296690381277	0	-1.4210854715202004e-14	0.0	362.21892149419216	0	15.138452554562223	345.44644071817726	0.23407910516346558	3100.8923700044415	3101.126449109605	0	0.0	0.0	310.1126449109605	0	0.035111865774519836	310.0892370004442	0.0	0	0	0	0	1000.0	0	0	0.0	0	
135	2019-01-06 15:00:00	0	0	3447.057824776654	0	0	0.0	344.7057824776654	0	0	0	97.22061288352661	3447.057824776654	3544.2784376601803	0	-5.684341886080802e-14	4.547473508864641e-13	364.8092572627378	0	19.420572161385184	344.7057824776654	0.19875480161584955	3100.628288227709	3100.827043029325	0	0.0	4.547473508864641e-13	310.0827043029325	0	0.029813220242377432	310.06282882277094	0.0	0	0	0	0	1000.0	0	0	0.0	0	
136	2019-01-06 16:00:00	0	0	3390.2772519636064	0	0	0.0	339.0277251963607	0	0	0	185.64148034401862	3390.2772519636064	3575.918732307625	0	1.9895196601282805e-13	0.0	365.49000920942353	0	36.9539498046256	339.0277251963607	0.21348028779644773	3100.127408291903	3100.3408885796994	0	0.0	0.0	310.03408885796995	0	0.032022043169467156	310.0127408291903	0.0	0	0	0	0	1000.0	0	0	0.0	0	
137	2019-01-06 17:00:00	0	0	3231.579088316697	0	0	0.0	323.1579088316697	0	0	0	358.30079169992075	3231.579088316697	3589.879880016618	0	-1.5347723092418164e-12	4.547473508864641e-13	369.0352521663918	0	71.44154362316131	323.1579088316697	0.2305670433821251	3099.7694329566175	3099.9999999999995	0	0.0	4.547473508864641e-13	309.99999999999994	0	0.034585056507318766	309.9769432956618	0.0	0	0	0	0	1000.0	0	0	0.0	0	
138	2019-01-06 18:00:00	0	0	3306.351538359072	0	0	0.0	330.6351538359072	0	0	0	264.5522281917088	3306.351538359072	3570.903766550781	0	1.2505552149377763e-12	0.0	394.31114601061415	0	52.88032409344757	330.6351538359072	0.24521263321906958	3099.754787366781	3100	0	0.0	0	310.0	0	0.036781894982860434	309.9754787366781	0.0	0	0	0	0	1000.0	0	0	0.0	0	
139	2019-01-06 19:00:00	0	0	3274.0028366542992	0	0	0.0	327.4002836654299	0	0	0	276.7025187001093	3274.0028366542992	3550.7053553544083	0	3.410605131648481e-13	4.547473508864641e-13	409.2755991844578	0	55.357047193958756	327.4002836654299	0.25191294024107336	3099.7480870597583	3099.9999999999995	0	0.0	4.547473508864641e-13	309.99999999999994	0	0.037786941036161	309.9748087059759	0.0	0	0	0	0	1000.0	0	0	0.0	0	
140	2019-01-06 20:00:00	0	0	3259.9713899680182	0	0	0.0	325.9971389968018	0	0	0	257.33618380301317	3259.9713899680182	3517.3075737710315	0	1.0231815394945443e-12	0.0	400.2747602841346	0	51.480708214469146	325.9971389968018	2.2602992370182213	3097.7397007629816	3100	0	0.0	0	310.0	0	0.3390448855527332	309.77397007629816	0.0	0	0	0	0	1000.0	0	0	0.0	0	
141	2019-01-06 21:00:00	0	0	3240.162478770838	0	0	0.0	324.0162478770838	0	0	0	246.79119417770136	3240.162478770838	3486.9536729485394	0	-1.3358203432289883e-12	0.0	389.5501517024629	0	49.3625820713028	324.0162478770838	0.2954683558106161	3099.7045316441895	3100	0	0.0	0	310.0	0	0.044320253371592414	309.970453164419	0.0	0	0	0	0	1000.0	0	0	0.0	0	
142	2019-01-06 22:00:00	0	0	3220.0211730816823	0	0	0.0	322.00211730816824	0	0	0	245.12530799867665	3220.0211730816823	3465.146481080359	0	-6.536993168992922e-13	0.0	393.32509658286006	0	49.058556811926465	322.00211730816824	0.2746623608910466	3099.725337639109	3100	0	0.0	0	310.0	0	0.04119935413365699	309.9725337639109	0.0	0	0	0	0	1000.0	0	0	0.0	0	
143	2019-01-06 23:00:00	0	0	3224.905791000118	0	0	0.0	322.4905791000118	0	0	0	219.8083907219022	3224.905791000118	3444.71418172202	0	2.8421709430404007e-13	0.0	380.5926162401219	0	43.9712749605685	322.4905791000118	0.2829344949801126	3099.71706550502	3100	0	0.0	0	310.0	0	0.04244017424701688	309.971706550502	0.0	0	0	0	0	1000.0	0	0	0.0	0	
144	2019-01-07 00:00:00	0	0	17699.35596711606	0	0	0.0	1769.935596711606	0	0	0	180.28921474068179	8849.67798355803	26429.38883863173	0	-3.410605131648481e-13	0.0	2675.9645216763934	0	18.40973506441999	884.967798355803	0.28917983348944426	6199.421640333021	3100	0	0.0	0	310.0	0	0.043376975023416635	619.9421640333021	0	11200.0	1000.0	0	0	0.0	200.0	0	0	1120.0	
145	2019-01-07 01:00:00	0	0	15730.381391705121	0	0	0.0	1573.0381391705123	0	0	0	169.57865978984148	7865.190695852561	23434.18368419161	0	1.0231815394945443e-12	0.0	2366.973240472317	0	17.107392844117104	786.5190695852561	0.2928357253976258	6199.414328549205	3100	0	0.0	0	310.0	0	0.04392535880964387	619.9414328549205	0	9200.0	1000.0	0	0	0.0	170.3	0	0	920.0	
146	2019-01-07 02:00:00	0	0	13834.566500800454	0	0	0.0	1383.4566500800456	0	0	0	156.9116911117231	6917.283250400227	20474.19494151195	0	-4.831690603168681e-13	0.0	2068.000215934352	0	15.80922761181212	691.7283250400228	0	6200.0	3100	0	0	0	310.0	0	0	620.0	0	7200.0	1000.0	0	0	0.0	155.0	0	0	720.0	
147	2019-01-07 03:00:00	0	0	11796.017626029481	0	0	0.0	1179.6017626029482	0	0	0	161.3761538196593	5898.008813014741	17459.3849668344	0	8.242295734817162e-13	0.0	1760.3857723501828	0	16.221942069550398	589.8008813014741	0	6200.0	3100	0	0	0	310.0	0	0	620.0	0	5200.0	1000.0	0	0	0.0	140.2	0	0	520.0	
148	2019-01-07 04:00:00	0	0	9780.87548854347	0	0	0.0	978.087548854347	0	0	0	153.71773473846505	4890.437744271735	14444.1554790102	0	4.831690603168681e-13	0.0	1439.4252934553722	0	15.340648960041452	489.0437744271735	0	6200.0	3100	0	0	0	310.0	0	0	620.0	0	3200.0	1000.0	0	0	0.0	85.5	0	0	320.0	
149	2019-01-07 05:00:00	0	0	3896.8569903824714	0	0	0.0	389.68569903824715	0	0	0	143.75720524377843	3896.8569903824714	4040.61419562625	0	-3.694822225952521e-13	0.0	393.29801098083556	0	14.30789054946481	389.68569903824715	0	3100.0	3100	0	0	0	310.0	0	0	310.0	0	600.0	600.0	0	0	400.0	41.04	0	0	60.0	
150	2019-01-07 06:00:00	0	0	3303.747178329906	0	0	0.0	330.37471783299065	0	0	0	123.01141347909373	3303.747178329906	3426.758591809	0	6.252776074688882e-13	0.0	331.8601497920221	0	12.243612370701506	330.37471783299065	0	3100.0	3100	0	0	0	310.0	0	0	310.0	0.0	0	0	0	0	1000.0	0	0	0.0	0	
151	2019-01-07 07:00:00	0	0	3278.3329456615916	0	0	0.0	327.83329456615917	0	0	0	129.1226513577586	3278.3329456615916	3407.45559701935	0	5.968558980384842e-13	0.0	336.84087361978925	0	12.903388292379724	327.83329456615917	0	3100.0	3100	0	0	0	310.0	0	0	310.0	0.0	0	0	0	0	1000.0	0	0	0.0	0	
152	2019-01-07 08:00:00	0	0	3288.52769535887	0	0	0.0	328.85276953588703	0	0	0	103.29742957687998	3288.52769535887	3391.82512493575	0	-2.4158453015843406e-13	0.0	354.47414904020826	0	10.439785592334786	328.85276953588703	0	3100.0	3100	0	0	0	310.0	0	0	310.0	0.0	0	0	0	0	1000.0	0	0	0.0	0	
153	2019-01-07 09:00:00	0	0	3280.98475783016	0	0	0.0	328.09847578301606	0	0	0	104.11708978841527	3280.98475783016	3385.1018476185754	0	-5.542233338928781e-13	0.0	347.2609990928848	0	10.430680551357154	328.09847578301606	0.9988874897678325	3099.1275230752035	3100.126410564971	0	0.0	0.0	310.0126410564971	0	0.14983312346517486	309.91275230752035	0.0	0	0	0	0	1000.0	0	0	0.0	0	
154	2019-01-07 10:00:00	0	0	3274.374929658034	0	0	0.0	327.4374929658034	0	0	0	108.17795485496984	3274.374929658034	3382.552884513004	0	5.684341886080802e-14	0.0	347.62091460917094	0	10.831245651128558	327.4374929658034	0	3100.455711083166	3100.455711083166	0	0	0.0	310.0455711083166	0	0	310.0455711083166	0.0	0	0	0	0	1000.0	0	0	0.0	0	
155	2019-01-07 11:00:00	0	0	3302.896698955933	0	0	0.0	330.2896698955933	0	0	0	87.54692342728623	3302.896698955933	3390.4436223832195	0	2.4158453015843406e-13	0.0	346.6031903444408	0	8.767050709113507	330.2896698955933	0	3100.833350118132	3100.833350118132	0	0	0.0	310.0833350118132	0	0	310.08333501181323	0.0	0	0	0	0	1000.0	0	0	0.0	0	
156	2019-01-07 12:00:00	0	0	3344.4084334027975	0	0	0.0	334.4408433402798	0	0	0	62.02262076612628	3344.4084334027975	3406.4310541689238	0	7.105427357601002e-15	4.547473508864641e-13	354.13668872979235	0	12.383515712808517	334.4408433402798	0.7510434315356135	3100.4541082981764	3101.205151729712	0	0.0	4.547473508864641e-13	310.1205151729712	0	0.11265651473034202	310.0454108298177	0.0	0	0	0	0	1000.0	0	0	0.0	0	
157	2019-01-07 13:00:00	0	0	3292.057017656851	0	0	0.0	329.2057017656851	0	0	0	119.12120697628163	3292.057017656851	3411.1782246331322	0	2.842170943040401e-14	0.0	355.1943276929439	0	23.79863296185726	329.2057017656851	0.08001784120596497	3101.123043363735	3101.203061204941	0	0.0	0.0	310.1203061204941	0	0.012002676180894746	310.11230433637354	0.0	0	0	0	0	1000.0	0	0	0.0	0	
158	2019-01-07 14:00:00	0	0	3299.829208331842	0	0	0.0	329.9829208331842	0	0	0	98.03623902903087	3299.829208331842	3397.8654473608726	0	-2.8421709430404007e-13	0.0	346.14307455179556	0	19.561585347792533	329.9829208331842	0.20731187006244667	3100.8313438231007	3101.038655693163	0	0.0	0.0	310.1038655693163	0	0.031096780509366997	310.0831343823101	0.0	0	0	0	0	1000.0	0	0	0.0	0	
159	2019-01-07 15:00:00	0	0	3257.5123632078858	0	0	0.0	325.7512363207886	0	0	0	125.71391998732906	3257.5123632078858	3383.2262831952153	0	-2.842170943040401e-14	0.0	344.93743887115426	0	25.109506727676447	325.7512363207886	0.1768179201624682	3100.54207158698	3100.7188895071426	0	0.0	0.0	310.07188895071425	0	0.026522688024370227	310.05420715869803	0.0	0	0	0	0	1000.0	0	0	0.0	0	
160	2019-01-07 16:00:00	0	0	3252.8707469564033	0	0	0.0	325.28707469564034	0	0	0	137.67076228280294	3252.8707469564033	3390.5415092392063	0	-5.400124791776761e-13	0.0	343.8741419626616	0	27.446825503783163	325.28707469564034	0.18901939661687156	3100.1806032909562	3100.369622687573	0	0.0	0.0	310.0369622687573	0	0.028352909492530734	310.01806032909565	0.0	0	0	0	0	1000.0	0	0	0.0	0	
161	2019-01-07 17:00:00	0	0	3241.473254372944	0	0	0.0	324.14732543729446	0	0	0	150.4930327367787	3241.473254372944	3391.966287109723	0	-4.263256414560601e-13	0.0	345.186049951696	0	29.893969666188063	324.14732543729446	0.20060268167729936	3099.799397318323	3100	0	0.0	0	310.0	0	0.030090402251594903	309.9799397318323	0.0	0	0	0	0	1000.0	0	0	0.0	0	
162	2019-01-07 18:00:00	0	0	3204.744392619139	0	0	0.0	320.4744392619139	0	0	0	173.8605664311913	3204.744392619139	3378.6049590503303	0	-1.0231815394945443e-12	0.0	359.8872173924349	0	34.76209403748592	320.4744392619139	0.2143002838698495	3099.7856997161302	3100	0	0.0	0	310.0	0	0.03214504258047742	309.97856997161307	0.0	0	0	0	0	1000.0	0	0	0.0	0	
163	2019-01-07 19:00:00	0	0	3108.4307918616496	0	0	0.0	310.84307918616497	0	0	0	266.53860771159185	3108.4307918616496	3374.9693995732414	0	1.2505552149377763e-12	0.0	370.5748502368536	0	53.31676717190218	310.84307918616497	0.22120175395850297	3099.7787982460413	3100	0	0.0	0	310.0	0	0.03318026309377545	309.97787982460414	0.0	0	0	0	0	1000.0	0	0	0.0	0	
164	2019-01-07 20:00:00	0	0	3123.8212993063553	0	0	0.0	312.38212993063553	0	0	0	256.59068209473077	3123.8212993063553	3380.411981401086	0	3.410605131648481e-13	0.0	370.74282278681915	0	51.33191458423115	312.38212993063553	2.2295453639141267	3097.770454636086	3100	0	0.0	0	310.0	0	0.33443180458711896	309.7770454636086	0.0	0	0	0	0	1000.0	0	0	0.0	0	
165	2019-01-07 21:00:00	0	0	3142.896879999639	0	0	0.0	314.2896879999639	0	0	0	245.8625030590983	3142.896879999639	3388.759383058737	0	8.242295734817162e-13	0.0	369.36807689334665	0	49.177219910944736	314.2896879999639	0.2656272490627502	3099.7343727509374	3100	0	0.0	0	310.0	0	0.03984408735941253	309.9734372750938	0.0	0	0	0	0	1000.0	0	0	0.0	0	
166	2019-01-07 22:00:00	0	0	3148.0651125753407	0	0	0.0	314.8065112575341	0	0	0	252.42693938057016	3148.0651125753407	3400.492051955911	0	7.105427357601002e-13	4.547473508864641e-13	378.5737093607904	0	50.5208044302148	314.8065112575341	0.24568547733901083	3099.7543145226605	3099.9999999999995	0	0.0	4.547473508864641e-13	309.99999999999994	0	0.036852821600851626	309.9754314522661	0.0	0	0	0	0	1000.0	0	0	0.0	0	
167	2019-01-07 23:00:00	0	0	3120.1767631024322	0	0	0.0	312.01767631024325	0	0	0	292.6173003748238	3120.1767631024322	3412.794063477256	0	1.3642420526593924e-12	4.547473508864641e-13	374.05560957321126	0	58.53356189052641	312.01767631024325	0.2546779313939494	3099.7453220686057	3099.9999999999995	0	0.0	4.547473508864641e-13	309.99999999999994	0	0.03820168970909241	309.9745322068606	0.0	0	0	0	0	1000.0	0	0	0.0	0	
168	2019-01-08 00:00:00	0	0	3120.1767631024322	0	0	0.0	312.01767631024325	0	0	0	292.6173003748238	3120.1767631024322	3412.794063477256	0	1.3642420526593924e-12	4.547473508864641e-13	374.05560957321126	0	58.53356189052641	312.01767631024325	0.2546779313939494	3099.7453220686057	3099.9999999999995	0	0.0	4.547473508864641e-13	309.99999999999994	0	0.03820168970909241	309.9745322068606	0.0	0	0	0	0	1000.0	0	0	0.0	0	
