simulation_time	physical_time	mean_Enedis.curtailment_rate_consumption	min_Enedis.curtailment_rate_consumption	max_Enedis.curtailment_rate_consumption	sum_Enedis.curtailment_rate_consumption	mean_Enedis.curtailment_rate_production	min_Enedis.curtailment_rate_production	max_Enedis.curtailment_rate_production	sum_Enedis.curtailment_rate_production	mean_general_aggregator.curtailment_rate_consumption	min_general_aggregator.curtailment_rate_consumption	max_general_aggregator.curtailment_rate_consumption	sum_general_aggregator.curtailment_rate_consumption	mean_general_aggregator.curtailment_rate_production	min_general_aggregator.curtailment_rate_production	max_general_aggregator.curtailment_rate_production	sum_general_aggregator.curtailment_rate_production	mean_Local_DHN.curtailment_rate_consumption	min_Local_DHN.curtailment_rate_consumption	max_Local_DHN.curtailment_rate_consumption	sum_Local_DHN.curtailment_rate_consumption	mean_Local_DHN.curtailment_rate_production	min_Local_DHN.curtailment_rate_production	max_Local_DHN.curtailment_rate_production	sum_Local_DHN.curtailment_rate_production	mean_gas_aggregator.curtailment_rate_consumption	min_gas_aggregator.curtailment_rate_consumption	max_gas_aggregator.curtailment_rate_consumption	sum_gas_aggregator.curtailment_rate_consumption	mean_gas_aggregator.curtailment_rate_production	min_gas_aggregator.curtailment_rate_production	max_gas_aggregator.curtailment_rate_production	sum_gas_aggregator.curtailment_rate_production	
0	2019-01-01 00:00:00	0	inf	-inf	0	0.0	0.0	0.0	0.0	4.113865940040392e-16	4.113865940040392e-16	4.113865940040392e-16	4.113865940040392e-16	0.0	0.0	0.0	0.0	0.0	0.0	0.0	0.0	0.0	0.0	0.0	0.0	0	inf	-inf	0	1.0	1.0	1.0	1.0	
2	2019-01-01 02:00:00	0	inf	-inf	0	0.0	0.0	0.0	0.0	3.599942896468192e-15	2.67195687317741e-15	4.5279289197589734e-15	7.199885792936384e-15	0.0	0.0	0.0	0.0	0.0	0.0	0.0	0.0	0.0	0.0	0.0	0.0	0	inf	-inf	0	1.0	1.0	1.0	2.0	
4	2019-01-01 04:00:00	0	inf	-inf	0	0.0	0.0	0.0	0.0	3.860609265233216e-15	3.7768421995387874e-15	3.9443763309276455e-15	7.721218530466432e-15	0.0	0.0	0.0	0.0	0	inf	-inf	0	0.0	0.0	0.0	0.0	0	inf	-inf	0	1.0	1.0	1.0	2.0	
6	2019-01-01 06:00:00	0	inf	-inf	0	0.0	0.0	0.0	0.0	3.4594411383549807e-15	1.127430656072806e-15	5.7914516206371554e-15	6.9188822767099614e-15	0.0	0.0	0.0	0.0	0	inf	-inf	0	0.0	0.0	0.0	0.0	0	inf	-inf	0	1.0	1.0	1.0	2.0	
8	2019-01-01 08:00:00	0	inf	-inf	0	0.0	0.0	0.0	0.0	2.076250146180164e-15	7.509296846831857e-16	3.4015706076771423e-15	4.152500292360328e-15	7.066148727721304e-17	0.0	1.4132297455442607e-16	1.4132297455442607e-16	0	inf	-inf	0	7.334634691717163e-17	0.0	1.4669269383434326e-16	1.4669269383434326e-16	0	inf	-inf	0	1.0	1.0	1.0	2.0	
10	2019-01-01 10:00:00	0	inf	-inf	0	0.0	0.0	0.0	0.0	1.2589436168609278e-15	1.692244590577123e-16	2.3486627746641433e-15	2.5178872337218557e-15	0.0	0.0	0.0	0.0	0.0	0.0	0.0	0.0	0.0	0.0	0.0	0.0	0	inf	-inf	0	1.0	1.0	1.0	2.0	
12	2019-01-01 12:00:00	0	inf	-inf	0	0.0	0.0	0.0	0.0	8.332635197309003e-17	0.0	1.6665270394618006e-16	1.6665270394618006e-16	7.097649007630105e-17	0.0	1.419529801526021e-16	1.419529801526021e-16	0.0	0.0	0.0	0.0	7.332469316167544e-17	0.0	1.466493863233509e-16	1.466493863233509e-16	0	inf	-inf	0	1.0	1.0	1.0	2.0	
14	2019-01-01 14:00:00	0	inf	-inf	0	0.0	0.0	0.0	0.0	6.934252906260526e-16	0.0	1.3868505812521052e-15	1.3868505812521052e-15	0.0	0.0	0.0	0.0	0.0	0.0	0.0	0.0	0.0	0.0	0.0	0.0	0	inf	-inf	0	1.0	1.0	1.0	2.0	
16	2019-01-01 16:00:00	0	inf	-inf	0	0.0	0.0	0.0	0.0	2.3754323545743228e-15	3.0477979849261045e-16	4.4460849106560354e-15	4.7508647091486455e-15	0.0	0.0	0.0	0.0	0.0	0.0	0.0	0.0	0.0	0.0	0.0	0.0	0	inf	-inf	0	1.0	1.0	1.0	2.0	
18	2019-01-01 18:00:00	0	inf	-inf	0	0.0	0.0	0.0	0.0	6.395142794220162e-16	2.2163501635210328e-16	1.0573935424919291e-15	1.2790285588440325e-15	0.0	0.0	0.0	0.0	0.0	0.0	0.0	0.0	0.0	0.0	0.0	0.0	0	inf	-inf	0	1.0	1.0	1.0	2.0	
20	2019-01-01 20:00:00	0	inf	-inf	0	0.0	0.0	0.0	0.0	2.892574515309772e-15	6.64897196829465e-16	5.120251833790079e-15	5.785149030619544e-15	0.0	0.0	0.0	0.0	0.0	0.0	0.0	0.0	0.0	0.0	0.0	0.0	0	inf	-inf	0	1.0	1.0	1.0	2.0	
22	2019-01-01 22:00:00	0	inf	-inf	0	0.0	0.0	0.0	0.0	1.658302414978546e-15	1.3495058800700888e-15	1.9670989498870033e-15	3.316604829957092e-15	0.0	0.0	0.0	0.0	0.0	0.0	0.0	0.0	0.0	0.0	0.0	0.0	0	inf	-inf	0	1.0	1.0	1.0	2.0	
24	2019-01-02 00:00:00	0	inf	-inf	0	0.0	0.0	0.0	0.0	3.5677186652874126e-15	3.555822926743754e-15	3.579614403831072e-15	7.135437330574825e-15	0.0	0.0	0.0	0.0	0.0	0.0	0.0	0.0	0.0	0.0	0.0	0.0	0	inf	-inf	0	1.0	1.0	1.0	2.0	
26	2019-01-02 02:00:00	0	inf	-inf	0	0.0	0.0	0.0	0.0	2.425616746783052e-15	4.517310135928158e-16	4.3995024799732885e-15	4.851233493566104e-15	0.0	0.0	0.0	0.0	0.0	0.0	0.0	0.0	0.0	0.0	0.0	0.0	0	inf	-inf	0	1.0	1.0	1.0	2.0	
28	2019-01-02 04:00:00	0	inf	-inf	0	0.0	0.0	0.0	0.0	2.339802953381862e-15	2.1994673896059193e-15	2.480138517157804e-15	4.679605906763724e-15	0.0	0.0	0.0	0.0	0	inf	-inf	0	0.0	0.0	0.0	0.0	0	inf	-inf	0	1.0	1.0	1.0	2.0	
30	2019-01-02 06:00:00	0	inf	-inf	0	0.0	0.0	0.0	0.0	3.279610850347398e-15	1.918931147572603e-15	4.640290553122193e-15	6.559221700694796e-15	0.0	0.0	0.0	0.0	0	inf	-inf	0	0.0	0.0	0.0	0.0	0	inf	-inf	0	1.0	1.0	1.0	2.0	
32	2019-01-02 08:00:00	0	inf	-inf	0	0.0	0.0	0.0	0.0	4.4751864706652345e-15	2.708528008547805e-15	6.241844932782664e-15	8.950372941330469e-15	0.0	0.0	0.0	0.0	0	inf	-inf	0	0.0	0.0	0.0	0.0	0	inf	-inf	0	1.0	1.0	1.0	2.0	
34	2019-01-02 10:00:00	0	inf	-inf	0	0.0	0.0	0.0	0.0	4.481792080371935e-15	3.971131584664883e-15	4.9924525760789854e-15	8.96358416074387e-15	2.0965072198509997e-16	1.400358529266012e-16	2.7926559104359874e-16	4.1930144397019994e-16	0.0	0.0	0.0	0.0	2.2003869763270715e-16	1.4669269383434326e-16	2.9338470143107103e-16	4.400773952654143e-16	0	inf	-inf	0	1.0	1.0	1.0	2.0	
36	2019-01-02 12:00:00	0	inf	-inf	0	0.0	0.0	0.0	0.0	3.270364999717313e-15	1.7688992791966735e-15	4.771830720237952e-15	6.540729999434626e-15	0.0	0.0	0.0	0.0	0.0	0.0	0.0	0.0	0.0	0.0	0.0	0.0	0	inf	-inf	0	1.0	1.0	1.0	2.0	
38	2019-01-02 14:00:00	0	inf	-inf	0	0.0	0.0	0.0	0.0	3.349571500252481e-15	9.97726568921688e-16	5.701416431583274e-15	6.699143000504962e-15	0.0	0.0	0.0	0.0	0.0	0.0	0.0	0.0	0.0	0.0	0.0	0.0	0	inf	-inf	0	1.0	1.0	1.0	2.0	
40	2019-01-02 16:00:00	0	inf	-inf	0	0.0	0.0	0.0	0.0	7.102604620949198e-16	1.5235361841458777e-16	1.2681673057752518e-15	1.4205209241898395e-15	0.0	0.0	0.0	0.0	0.0	0.0	0.0	0.0	0.0	0.0	0.0	0.0	0	inf	-inf	0	1.0	1.0	1.0	2.0	
42	2019-01-02 18:00:00	0	inf	-inf	0	0.0	0.0	0.0	0.0	4.491910687962253e-15	3.591636646580449e-15	5.392184729344057e-15	8.983821375924506e-15	0.0	0.0	0.0	0.0	0.0	0.0	0.0	0.0	0.0	0.0	0.0	0.0	0	inf	-inf	0	1.0	1.0	1.0	2.0	
44	2019-01-02 20:00:00	0	inf	-inf	0	0.0	0.0	0.0	0.0	2.1778401029161232e-15	6.441850766417445e-16	3.711495129190502e-15	4.3556802058322465e-15	0.0	0.0	0.0	0.0	0.0	0.0	0.0	0.0	0.0	0.0	0.0	0.0	0	inf	-inf	0	1.0	1.0	1.0	2.0	
46	2019-01-02 22:00:00	0	inf	-inf	0	0.0	0.0	0.0	0.0	4.374671510721327e-15	3.417105358310794e-15	5.3322376631318595e-15	8.749343021442654e-15	0.0	0.0	0.0	0.0	0.0	0.0	0.0	0.0	0.0	0.0	0.0	0.0	0	inf	-inf	0	1.0	1.0	1.0	2.0	
48	2019-01-03 00:00:00	0	inf	-inf	0	0.0	0.0	0.0	0.0	2.508240354168744e-15	1.6395374157754517e-15	3.376943292562036e-15	5.016480708337488e-15	6.971911235114014e-17	0.0	1.3943822470228027e-16	1.3943822470228027e-16	0.0	0.0	0.0	0.0	7.334634691717163e-17	0.0	1.4669269383434326e-16	1.4669269383434326e-16	0	inf	-inf	0	1.0	1.0	1.0	2.0	
50	2019-01-03 02:00:00	0	inf	-inf	0	0.0	0.0	0.0	0.0	3.653968980554671e-15	2.7953642465816024e-15	4.51257371452774e-15	7.307937961109342e-15	0.0	0.0	0.0	0.0	0.0	0.0	0.0	0.0	0.0	0.0	0.0	0.0	0	inf	-inf	0	1.0	1.0	1.0	2.0	
52	2019-01-03 04:00:00	0	inf	-inf	0	0.0	0.0	0.0	0.0	1.7038842730368199e-15	1.5643855457482844e-15	1.8433830003253553e-15	3.4077685460736397e-15	6.98127781419118e-17	0.0	1.396255562838236e-16	1.396255562838236e-16	0	inf	-inf	0	7.334634691717163e-17	0.0	1.4669269383434326e-16	1.4669269383434326e-16	0	inf	-inf	0	1.0	1.0	1.0	2.0	
54	2019-01-03 06:00:00	0	inf	-inf	0	0.0	0.0	0.0	0.0	3.646450610549576e-15	2.5830394926677583e-15	4.709861728431395e-15	7.292901221099153e-15	0.0	0.0	0.0	0.0	0	inf	-inf	0	0.0	0.0	0.0	0.0	0	inf	-inf	0	1.0	1.0	1.0	2.0	
56	2019-01-03 08:00:00	0	inf	-inf	0	0.0	0.0	0.0	0.0	4.141330538671706e-15	2.5570961657423236e-15	5.7255649116010885e-15	8.282661077343412e-15	0.0	0.0	0.0	0.0	0	inf	-inf	0	0.0	0.0	0.0	0.0	0	inf	-inf	0	1.0	1.0	1.0	2.0	
58	2019-01-03 10:00:00	0	inf	-inf	0	0.0	0.0	0.0	0.0	4.702733824512385e-15	4.139065261453604e-15	5.266402387571166e-15	9.40546764902477e-15	6.682867472902506e-17	0.0	1.3365734945805011e-16	1.3365734945805011e-16	0.0	0.0	0.0	0.0	7.33345147038516e-17	0.0	1.466690294077032e-16	1.466690294077032e-16	0	inf	-inf	0	1.0	1.0	1.0	2.0	
60	2019-01-03 12:00:00	0	inf	-inf	0	0.0	0.0	0.0	0.0	4.022095432192411e-15	3.123775008490677e-15	4.9204158558941466e-15	8.044190864384823e-15	0.0	0.0	0.0	0.0	0.0	0.0	0.0	0.0	0.0	0.0	0.0	0.0	0	inf	-inf	0	1.0	1.0	1.0	2.0	
62	2019-01-03 14:00:00	0	inf	-inf	0	0.0	0.0	0.0	0.0	2.996174415421879e-15	4.862703195257072e-16	5.506078511318051e-15	5.992348830843758e-15	0.0	0.0	0.0	0.0	0.0	0.0	0.0	0.0	0.0	0.0	0.0	0.0	0	inf	-inf	0	1.0	1.0	1.0	2.0	
64	2019-01-03 16:00:00	0	inf	-inf	0	0.0	0.0	0.0	0.0	1.0506041918269445e-15	9.47673456352522e-16	1.1535349273013671e-15	2.101208383653889e-15	0.0	0.0	0.0	0.0	0.0	0.0	0.0	0.0	0.0	0.0	0.0	0.0	0	inf	-inf	0	1.0	1.0	1.0	2.0	
66	2019-01-03 18:00:00	0	inf	-inf	0	0.0	0.0	0.0	0.0	4.018543657746201e-15	3.322661166465708e-15	4.7144261490266934e-15	8.037087315492402e-15	0.0	0.0	0.0	0.0	0.0	0.0	0.0	0.0	0.0	0.0	0.0	0.0	0	inf	-inf	0	1.0	1.0	1.0	2.0	
68	2019-01-03 20:00:00	0	inf	-inf	0	0.0	0.0	0.0	0.0	3.011621513935824e-15	1.0560410300651661e-15	4.967201997806481e-15	6.023243027871648e-15	0.0	0.0	0.0	0.0	0.0	0.0	0.0	0.0	0.0	0.0	0.0	0.0	0	inf	-inf	0	1.0	1.0	1.0	2.0	
70	2019-01-03 22:00:00	0	inf	-inf	0	0.0	0.0	0.0	0.0	4.675285154867038e-15	3.613969890467687e-15	5.736600419266389e-15	9.350570309734076e-15	0.0	0.0	0.0	0.0	0.0	0.0	0.0	0.0	0.0	0.0	0.0	0.0	0	inf	-inf	0	1.0	1.0	1.0	2.0	
72	2019-01-04 00:00:00	0	inf	-inf	0	0.0	0.0	0.0	0.0	2.4750452164286314e-15	2.993103277938766e-16	4.650780105063386e-15	4.950090432857263e-15	0.0	0.0	0.0	0.0	0.0	0.0	0.0	0.0	0.0	0.0	0.0	0.0	0	inf	-inf	0	0.5	0.0	1.0	1.0	
74	2019-01-04 02:00:00	0	inf	-inf	0	0.0	0.0	0.0	0.0	3.2229942862168013e-15	2.0811999442521764e-15	4.364788628181426e-15	6.445988572433603e-15	3.324359139764238e-17	0.0	6.648718279528476e-17	6.648718279528476e-17	0.0	0.0	0.0	0.0	0.0	0.0	0.0	0.0	0	inf	-inf	0	0.3	0.0	0.6	0.6	
76	2019-01-04 04:00:00	0	inf	-inf	0	0.0	0.0	0.0	0.0	1.9927491708197847e-15	1.1679280847442298e-15	2.8175702568953394e-15	3.985498341639569e-15	0.0	0.0	0.0	0.0	0	inf	-inf	0	0.0	0.0	0.0	0.0	0	inf	-inf	0	1.0	1.0	1.0	2.0	
78	2019-01-04 06:00:00	0	inf	-inf	0	0.0	0.0	0.0	0.0	3.7270646242596645e-15	2.706266908225124e-15	4.747862340294204e-15	7.454129248519329e-15	0.0	0.0	0.0	0.0	0	inf	-inf	0	0.0	0.0	0.0	0.0	0	inf	-inf	0	1.0	1.0	1.0	2.0	
80	2019-01-04 08:00:00	0	inf	-inf	0	0.0	0.0	0.0	0.0	3.872277493754826e-15	1.9030522205365868e-15	5.841502766973065e-15	7.744554987509652e-15	0.0	0.0	0.0	0.0	0	inf	-inf	0	0.0	0.0	0.0	0.0	0	inf	-inf	0	1.0	1.0	1.0	2.0	
82	2019-01-04 10:00:00	0	inf	-inf	0	0.0	0.0	0.0	0.0	4.2711116294258755e-15	3.703550520214125e-15	4.838672738637627e-15	8.542223258851751e-15	0.0	0.0	0.0	0.0	0.0	0.0	0.0	0.0	0.0	0.0	0.0	0.0	0	inf	-inf	0	1.0	1.0	1.0	2.0	
84	2019-01-04 12:00:00	0	inf	-inf	0	0.0	0.0	0.0	0.0	4.01195309989492e-15	2.8528311421621364e-15	5.171075057627703e-15	8.02390619978984e-15	0.0	0.0	0.0	0.0	0.0	0.0	0.0	0.0	0.0	0.0	0.0	0.0	0	inf	-inf	0	1.0	1.0	1.0	2.0	
86	2019-01-04 14:00:00	0	inf	-inf	0	0.0	0.0	0.0	0.0	3.18650975729168e-15	6.251208595132757e-16	5.747898655070084e-15	6.37301951458336e-15	6.592632134533363e-17	0.0	1.3185264269066727e-16	1.3185264269066727e-16	0.0	0.0	0.0	0.0	7.331656700820593e-17	0.0	1.4663313401641187e-16	1.4663313401641187e-16	0	inf	-inf	0	1.0	1.0	1.0	2.0	
88	2019-01-04 16:00:00	0	inf	-inf	0	0.0	0.0	0.0	0.0	8.310947017262257e-16	0.0	1.6621894034524513e-15	1.6621894034524513e-15	0.0	0.0	0.0	0.0	0.0	0.0	0.0	0.0	0.0	0.0	0.0	0.0	0	inf	-inf	0	1.0	1.0	1.0	2.0	
90	2019-01-04 18:00:00	0	inf	-inf	0	0.0	0.0	0.0	0.0	4.810435483216485e-15	4.281534461856588e-15	5.339336504576383e-15	9.62087096643297e-15	6.619652699925494e-17	0.0	1.3239305399850988e-16	1.3239305399850988e-16	0.0	0.0	0.0	0.0	7.334634691717163e-17	0.0	1.4669269383434326e-16	1.4669269383434326e-16	0	inf	-inf	0	1.0	1.0	1.0	2.0	
92	2019-01-04 20:00:00	0	inf	-inf	0	0.0	0.0	0.0	0.0	2.4275610231706084e-15	6.503741986175626e-16	4.204747847723654e-15	4.855122046341217e-15	6.641915570271411e-17	0.0	1.3283831140542822e-16	1.3283831140542822e-16	0.0	0.0	0.0	0.0	7.334634691717163e-17	0.0	1.4669269383434326e-16	1.4669269383434326e-16	0	inf	-inf	0	1.0	1.0	1.0	2.0	
94	2019-01-04 22:00:00	0	inf	-inf	0	0.0	0.0	0.0	0.0	4.71281237492239e-15	3.687715470082239e-15	5.737909279762541e-15	9.42562474984478e-15	0.0	0.0	0.0	0.0	0.0	0.0	0.0	0.0	0.0	0.0	0.0	0.0	0	inf	-inf	0	1.0	1.0	1.0	2.0	
96	2019-01-05 00:00:00	0	inf	-inf	0	0.0	0.0	0.0	0.0	1.793563234048649e-15	5.506812341584458e-16	3.0364452339388523e-15	3.587126468097298e-15	0.0	0.0	0.0	0.0	0.0	0.0	0.0	0.0	0.0	0.0	0.0	0.0	0	inf	-inf	0	0.5	0.0	1.0	1.0	
98	2019-01-05 02:00:00	0	inf	-inf	0	0.0	0.0	0.0	0.0	4.037545478422554e-15	2.9962502385440094e-15	5.078840718301098e-15	8.075090956845108e-15	0.0	0.0	0.0	0.0	0.0	0.0	0.0	0.0	0.0	0.0	0.0	0.0	0	inf	-inf	0	0.0	0.0	0.0	0.0	
100	2019-01-05 04:00:00	0	inf	-inf	0	0.0	0.0	0.0	0.0	2.0110213527069697e-15	1.964727827950825e-15	2.057314877463115e-15	4.0220427054139395e-15	0.0	0.0	0.0	0.0	0	inf	-inf	0	0.0	0.0	0.0	0.0	0	inf	-inf	0	0.0	0.0	0.0	0.0	
102	2019-01-05 06:00:00	0	inf	-inf	0	0.0	0.0	0.0	0.0	3.950400731813005e-15	2.5830394926677583e-15	5.317761970958252e-15	7.90080146362601e-15	0.0	0.0	0.0	0.0	0	inf	-inf	0	0.0	0.0	0.0	0.0	0	inf	-inf	0	0.7	0.4	1.0	1.4	
104	2019-01-05 08:00:00	0	inf	-inf	0	0.0	0.0	0.0	0.0	4.199526914751343e-15	2.673327809639703e-15	5.725726019862982e-15	8.399053829502685e-15	0.0	0.0	0.0	0.0	0	inf	-inf	0	0.0	0.0	0.0	0.0	0	inf	-inf	0	1.0	1.0	1.0	2.0	
106	2019-01-05 10:00:00	0	inf	-inf	0	0.0	0.0	0.0	0.0	4.187890781885971e-15	3.729829501597824e-15	4.645952062174117e-15	8.375781563771942e-15	6.635985641385045e-17	0.0	1.327197128277009e-16	1.327197128277009e-16	0.0	0.0	0.0	0.0	7.334623347515763e-17	0.0	1.4669246695031526e-16	1.4669246695031526e-16	0	inf	-inf	0	1.0	1.0	1.0	2.0	
108	2019-01-05 12:00:00	0	inf	-inf	0	0.0	0.0	0.0	0.0	3.911083523296008e-15	2.8300738439253454e-15	4.9920932026666706e-15	7.822167046592016e-15	0.0	0.0	0.0	0.0	0.0	0.0	0.0	0.0	0.0	0.0	0.0	0.0	0	inf	-inf	0	1.0	1.0	1.0	2.0	
110	2019-01-05 14:00:00	0	inf	-inf	0	0.0	0.0	0.0	0.0	3.1540749582076787e-15	7.74816036604701e-16	5.5333338798106564e-15	6.3081499164153574e-15	6.621796069185068e-17	0.0	1.3243592138370136e-16	1.3243592138370136e-16	0.0	0.0	0.0	0.0	7.331861694594284e-17	0.0	1.466372338918857e-16	1.466372338918857e-16	0	inf	-inf	0	1.0	1.0	1.0	2.0	
112	2019-01-05 16:00:00	0	inf	-inf	0	0.0	0.0	0.0	0.0	5.431628732243976e-16	4.501747327001166e-16	6.361510137486786e-16	1.0863257464487951e-15	0.0	0.0	0.0	0.0	0.0	0.0	0.0	0.0	0.0	0.0	0.0	0.0	0	inf	-inf	0	1.0	1.0	1.0	2.0	
114	2019-01-05 18:00:00	0	inf	-inf	0	0.0	0.0	0.0	0.0	4.230295569777911e-15	3.895309060760291e-15	4.565282078795532e-15	8.460591139555823e-15	0.0	0.0	0.0	0.0	0.0	0.0	0.0	0.0	0.0	0.0	0.0	0.0	0	inf	-inf	0	1.0	1.0	1.0	2.0	
116	2019-01-05 20:00:00	0	inf	-inf	0	0.0	0.0	0.0	0.0	2.543999110326568e-15	8.494310839444169e-16	4.238567136708719e-15	5.087998220653136e-15	0.0	0.0	0.0	0.0	0.0	0.0	0.0	0.0	0.0	0.0	0.0	0.0	0	inf	-inf	0	1.0	1.0	1.0	2.0	
118	2019-01-05 22:00:00	0	inf	-inf	0	0.0	0.0	0.0	0.0	3.822149612011465e-15	2.7590253834280746e-15	4.8852738405948555e-15	7.64429922402293e-15	0.0	0.0	0.0	0.0	0.0	0.0	0.0	0.0	0.0	0.0	0.0	0.0	0	inf	-inf	0	1.0	1.0	1.0	2.0	
120	2019-01-06 00:00:00	0	inf	-inf	0	0.0	0.0	0.0	0.0	2.3330750986222865e-15	9.352674748670286e-16	3.730882722377545e-15	4.666150197244573e-15	0.0	0.0	0.0	0.0	0.0	0.0	0.0	0.0	0.0	0.0	0.0	0.0	0	inf	-inf	0	0.5	0.0	1.0	1.0	
122	2019-01-06 02:00:00	0	inf	-inf	0	0.0	0.0	0.0	0.0	4.5668196806056436e-15	4.423615720078798e-15	4.710023641132489e-15	9.133639361211287e-15	0.0	0.0	0.0	0.0	0.0	0.0	0.0	0.0	0.0	0.0	0.0	0.0	0	inf	-inf	0	0.0	0.0	0.0	0.0	
124	2019-01-06 04:00:00	0	inf	-inf	0	0.0	0.0	0.0	0.0	1.9986246981720062e-15	1.5968957412657565e-15	2.400353655078256e-15	3.9972493963440124e-15	0.0	0.0	0.0	0.0	0	inf	-inf	0	0.0	0.0	0.0	0.0	0	inf	-inf	0	0.0	0.0	0.0	0.0	
126	2019-01-06 06:00:00	0	inf	-inf	0	0.0	0.0	0.0	0.0	4.197966103335169e-15	3.2879727610564938e-15	5.1079594456138446e-15	8.395932206670338e-15	0.0	0.0	0.0	0.0	0	inf	-inf	0	0.0	0.0	0.0	0.0	0	inf	-inf	0	0.7	0.4	1.0	1.4	
128	2019-01-06 08:00:00	0	inf	-inf	0	0.0	0.0	0.0	0.0	3.3761563222790877e-15	2.140109195318827e-15	4.6122034492393484e-15	6.752312644558175e-15	0.0	0.0	0.0	0.0	0	inf	-inf	0	0.0	0.0	0.0	0.0	0	inf	-inf	0	1.0	1.0	1.0	2.0	
130	2019-01-06 10:00:00	0	inf	-inf	0	0.0	0.0	0.0	0.0	4.250926431474431e-15	3.666015949282721e-15	4.835836913666141e-15	8.501852862948862e-15	0.0	0.0	0.0	0.0	0.0	0.0	0.0	0.0	0.0	0.0	0.0	0.0	0	inf	-inf	0	1.0	1.0	1.0	2.0	
132	2019-01-06 12:00:00	0	inf	-inf	0	0.0	0.0	0.0	0.0	2.914455841042943e-15	1.4153335783318493e-15	4.413578103754037e-15	5.828911682085886e-15	1.314203495238623e-16	1.311678489561211e-16	1.316728500916035e-16	2.628406990477246e-16	0.0	0.0	0.0	0.0	1.4664959720275189e-16	1.466355577855754e-16	1.4666363661992837e-16	2.9329919440550377e-16	0	inf	-inf	0	1.0	1.0	1.0	2.0	
134	2019-01-06 14:00:00	0	inf	-inf	0	0.0	0.0	0.0	0.0	3.026029653722736e-15	1.873984814332304e-16	5.864660826012242e-15	6.052059307445472e-15	0.0	0.0	0.0	0.0	0.0	0.0	0.0	0.0	0.0	0.0	0.0	0.0	0	inf	-inf	0	1.0	1.0	1.0	2.0	
136	2019-01-06 16:00:00	0	inf	-inf	0	0.0	0.0	0.0	0.0	8.281923990969335e-16	5.846848438294487e-16	1.0716999543644184e-15	1.656384798193867e-15	6.415231744415003e-17	0.0	1.2830463488830007e-16	1.2830463488830007e-16	0.0	0.0	0.0	0.0	7.332678420564256e-17	0.0	1.4665356841128512e-16	1.4665356841128512e-16	0	inf	-inf	0	1.0	1.0	1.0	2.0	
138	2019-01-06 18:00:00	0	inf	-inf	0	0.0	0.0	0.0	0.0	4.505269069275134e-15	4.283474513020906e-15	4.727063625529363e-15	9.010538138550268e-15	6.333740488335769e-17	0.0	1.2667480976671538e-16	1.2667480976671538e-16	0.0	0.0	0.0	0.0	7.334634691717163e-17	0.0	1.4669269383434326e-16	1.4669269383434326e-16	0	inf	-inf	0	1.0	1.0	1.0	2.0	
140	2019-01-06 20:00:00	0	inf	-inf	0	0.0	0.0	0.0	0.0	2.60431956987689e-15	1.2325891168865352e-15	3.9760500228672455e-15	5.20863913975378e-15	6.403619920204195e-17	0.0	1.280723984040839e-16	1.280723984040839e-16	0.0	0.0	0.0	0.0	7.334634691717163e-17	0.0	1.4669269383434326e-16	1.4669269383434326e-16	0	inf	-inf	0	1.0	1.0	1.0	2.0	
142	2019-01-06 22:00:00	0	inf	-inf	0	0.0	0.0	0.0	0.0	4.039775904945226e-15	2.6667965141437906e-15	5.412755295746661e-15	8.079551809890451e-15	0.0	0.0	0.0	0.0	0.0	0.0	0.0	0.0	0.0	0.0	0.0	0.0	0	inf	-inf	0	1.0	1.0	1.0	2.0	
144	2019-01-07 00:00:00	0	inf	-inf	0	0.0	0.0	0.0	0.0	1.5923815594134273e-15	1.293022042382478e-15	1.8917410764443768e-15	3.1847631188268545e-15	0.0	0.0	0.0	0.0	0.0	0.0	0.0	0.0	0.0	0.0	0.0	0.0	0	inf	-inf	0	0.5	0.0	1.0	1.0	
146	2019-01-07 02:00:00	0	inf	-inf	0	0.0	0.0	0.0	0.0	4.5564555792178135e-15	3.0792419410791207e-15	6.033669217356506e-15	9.112911158435627e-15	0.0	0.0	0.0	0.0	0.0	0.0	0.0	0.0	0.0	0.0	0.0	0.0	0	inf	-inf	0	0.0	0.0	0.0	0.0	
148	2019-01-07 04:00:00	0	inf	-inf	0	0.0	0.0	0.0	0.0	4.12536399691886e-15	3.14322261604316e-15	5.10750537779456e-15	8.25072799383772e-15	0.0	0.0	0.0	0.0	0	inf	-inf	0	0.0	0.0	0.0	0.0	0	inf	-inf	0	0.0	0.0	0.0	0.0	
150	2019-01-07 06:00:00	0	inf	-inf	0	0.0	0.0	0.0	0.0	3.826634199653656e-15	2.570182287341341e-15	5.083086111965971e-15	7.653268399307312e-15	0.0	0.0	0.0	0.0	0	inf	-inf	0	0.0	0.0	0.0	0.0	0	inf	-inf	0	0.7	0.4	1.0	1.4	
152	2019-01-07 08:00:00	0	inf	-inf	0	0.0	0.0	0.0	0.0	3.4805612061469238e-15	2.338727412172762e-15	4.622395000121085e-15	6.9611224122938475e-15	0.0	0.0	0.0	0.0	0	inf	-inf	0	0.0	0.0	0.0	0.0	0	inf	-inf	0	1.0	1.0	1.0	2.0	
154	2019-01-07 10:00:00	0	inf	-inf	0	0.0	0.0	0.0	0.0	2.924269796500208e-15	5.25462132622269e-16	5.323077460378147e-15	5.848539593000416e-15	0.0	0.0	0.0	0.0	0.0	0.0	0.0	0.0	0.0	0.0	0.0	0.0	0	inf	-inf	0	1.0	1.0	1.0	2.0	
156	2019-01-07 12:00:00	0	inf	-inf	0	0.0	0.0	0.0	0.0	1.4370240522716412e-15	1.1456186903797586e-16	2.7594862355053065e-15	2.8740481045432824e-15	6.674835680732866e-17	0.0	1.3349671361465733e-16	1.3349671361465733e-16	0.0	0.0	0.0	0.0	7.331784397314486e-17	0.0	1.4663568794628971e-16	1.4663568794628971e-16	0	inf	-inf	0	1.0	1.0	1.0	2.0	
158	2019-01-07 14:00:00	0	inf	-inf	0	0.0	0.0	0.0	0.0	1.5688486293413352e-15	2.3859487451351195e-16	2.8991023841691584e-15	3.1376972586826703e-15	0.0	0.0	0.0	0.0	0.0	0.0	0.0	0.0	0.0	0.0	0.0	0.0	0	inf	-inf	0	1.0	1.0	1.0	2.0	
160	2019-01-07 16:00:00	0	inf	-inf	0	0.0	0.0	0.0	0.0	2.074287274894116e-15	2.260824372771821e-16	3.92249211251105e-15	4.148574549788232e-15	0.0	0.0	0.0	0.0	0.0	0.0	0.0	0.0	0.0	0.0	0.0	0.0	0	inf	-inf	0	1.0	1.0	1.0	2.0	
162	2019-01-07 18:00:00	0	inf	-inf	0	0.0	0.0	0.0	0.0	4.358964645074705e-15	2.8328596593686187e-15	5.885069630780792e-15	8.71792929014941e-15	0.0	0.0	0.0	0.0	0.0	0.0	0.0	0.0	0.0	0.0	0.0	0.0	0	inf	-inf	0	1.0	1.0	1.0	2.0	
164	2019-01-07 20:00:00	0	inf	-inf	0	0.0	0.0	0.0	0.0	3.0105179349672215e-15	1.329200695756097e-15	4.691835174178346e-15	6.021035869934443e-15	0.0	0.0	0.0	0.0	0.0	0.0	0.0	0.0	0.0	0.0	0.0	0.0	0	inf	-inf	0	1.0	1.0	1.0	2.0	
166	2019-01-07 22:00:00	0	inf	-inf	0	0.0	0.0	0.0	0.0	3.0836227950604044e-15	2.8148451092569487e-15	3.3524004808638604e-15	6.167245590120809e-15	6.686493365348412e-17	0.0	1.3372986730696823e-16	1.3372986730696823e-16	0.0	0.0	0.0	0.0	7.334634691717163e-17	0.0	1.4669269383434326e-16	1.4669269383434326e-16	0	inf	-inf	0	1.0	1.0	1.0	2.0	
168	2019-01-08 00:00:00	0	inf	-inf	0	0.0	0.0	0.0	0.0	4.662205723693987e-15	4.662205723693987e-15	4.662205723693987e-15	4.662205723693987e-15	1.3324781467274568e-16	1.3324781467274568e-16	1.3324781467274568e-16	1.3324781467274568e-16	0.0	0.0	0.0	0.0	1.4669269383434326e-16	1.4669269383434326e-16	1.4669269383434326e-16	1.4669269383434326e-16	0	inf	-inf	0	1.0	1.0	1.0	1.0	
