simulation_time	physical_time	Enedis.energy_sold_inside	Enedis.energy_sold_outside	Enedis.energy_bought_inside	Enedis.energy_bought_outside	Enedis.energy_erased_consumption	Enedis.energy_erased_production	Enedis.money_spent_inside	Enedis.money_spent_outside	Enedis.money_earned_inside	Enedis.money_earned_outside	general_aggregator.energy_sold_inside	general_aggregator.energy_sold_outside	general_aggregator.energy_bought_inside	general_aggregator.energy_bought_outside	general_aggregator.energy_erased_consumption	general_aggregator.energy_erased_production	general_aggregator.money_spent_inside	general_aggregator.money_spent_outside	general_aggregator.money_earned_inside	general_aggregator.money_earned_outside	Local_DHN.energy_sold_inside	Local_DHN.energy_sold_outside	Local_DHN.energy_bought_inside	Local_DHN.energy_bought_outside	Local_DHN.energy_erased_consumption	Local_DHN.energy_erased_production	Local_DHN.money_spent_inside	Local_DHN.money_spent_outside	Local_DHN.money_earned_inside	Local_DHN.money_earned_outside	gas_aggregator.energy_sold_inside	gas_aggregator.energy_sold_outside	gas_aggregator.energy_bought_inside	gas_aggregator.energy_bought_outside	gas_aggregator.energy_erased_consumption	gas_aggregator.energy_erased_production	gas_aggregator.money_spent_inside	gas_aggregator.money_spent_outside	gas_aggregator.money_earned_inside	gas_aggregator.money_earned_outside	
0	2019-01-01 00:00:00	0	0	3208.5479752195547	0	0	0.0	320.8547975219555	0	0	0	1.7973267367573464	3208.5479752195547	3210.345301956312	0	2.220446049250313e-16	0.0	332.28825687976627	0	0.24440108014281975	320.8547975219555	2.191964885038198	3097.808035114962	3100	0	0.0	0	310.0	0	0.3287947327557297	309.78080351149623	0	0	0	0	0	1000	0	0	0.0	0	
1	2019-01-01 01:00:00	0	0	3200.1761135607376	0	0	0.0	320.01761135607376	0	0	0	2.006295613688134	3200.1761135607376	3202.1824091744256	0	0.0	0.0	327.4561335906466	0	0.2652056448738286	320.01761135607376	0.7748123505242349	3099.2251876494756	3100	0	0.0	0	310.0	0	0.11622185257863522	309.9225187649476	0	0	0	0	0	1000	0	0	0.0	0	
2	2019-01-01 02:00:00	0	0	3195.2360627416233	0	0	0.0	319.5236062741624	0	0	0	2.3937978522906618	3195.2360627416233	3197.629860593914	0	0.0	0.0	325.18411882358146	0	0.2573228092777544	319.5236062741624	0.9361896640855981	3099.0638103359142	3100	0	0.0	0	310.0	0	0.1404284496128397	309.90638103359146	0	0	0	0	0	1000	0	0	0.0	0	
3	2019-01-01 03:00:00	0	0	3195.620319349412	0	0	0.0	319.5620319349412	0	0	0	0.39959422242933185	3195.620319349412	3196.0199135718412	0	-5.551115123125783e-17	0.0	323.50069130284675	0	0.05385486769937934	319.5620319349412	0.9626721411586352	3099.0373278588413	3100	0	0.0	0	310.0	0	0.14440082117379527	309.90373278588413	0	0	0	0	0	1000	0	0	0.0	0	
4	2019-01-01 04:00:00	0	0	3196.4858570724855	0	0	0.0	319.64858570724857	0	0	0	0.4409355654609969	3196.4858570724855	3196.9267926379466	0	0.0	0.0	318.2727914724958	0	0.03978553069007201	319.64858570724857	0.9965033137033181	3099.003496686297	3100	0	0.0	0	310.0	0	0.1494754970554977	309.9003496686297	0	0	0	0	0	1000	0	0	0.0	0	
5	2019-01-01 05:00:00	0	0	3203.687141286045	0	0	0.0	320.36871412860455	0	0	0	1.0071508430051845	3203.687141286045	3204.69429212905	0	0.0	0.0	317.16108958162704	0	0.07428635094531034	320.36871412860455	0	3100.0	3100	0	0	0	310.0	0	0	310.0	0	0	0	0	0	1000	0	0	0.0	0	
6	2019-01-01 06:00:00	0	0	3208.0720795595657	0	0	0.0	320.8072079559566	0	0	0	0.9147439034841072	3208.0720795595657	3208.98682346305	0	-1.1102230246251565e-16	0.0	317.29121848967804	0	0.06417185717793546	320.8072079559566	0	3100.0	3100	0	0	0	310.0	0	0	310.0	0	0	0	0	0	1000	0	0	0.0	0	
7	2019-01-01 07:00:00	0	0	3213.8926494309317	0	0	0.0	321.38926494309317	0	0	0	0.5637956772684298	3213.8926494309317	3214.4564451082	0	0.0	0.0	319.9920476579459	0	0.05104600786747124	321.38926494309317	0	3100.0	3100	0	0	0	310.0	0	0	310.0	0	0	0	0	0	1000	0	0	0.0	0	
8	2019-01-01 08:00:00	0	0	3217.383596254308	0	0	0.0	321.7383596254308	0	0	0	0.4042568546889511	3217.383596254308	3217.787853108997	0	0.0	4.547473508864641e-13	327.9508688138111	0	0.055485168184085845	321.7383596254308	0	3099.9999999999995	3099.9999999999995	0	0	4.547473508864641e-13	309.99999999999994	0	0	310.0	0	0	0	0	0	1000	0	0	0.0	0	
9	2019-01-01 09:00:00	0	0	3186.1427270260683	0	0	0.0	318.61427270260685	0	0	0	26.015211222624544	3186.1427270260683	3212.157938248693	0	3.552713678800501e-15	0.0	324.6581990420287	0	3.391534924371259	318.61427270260685	0.4901048162468086	3099.661035727146	3100.151140543393	0	0.0	0.0	310.0151140543393	0	0.07351572243702129	309.96610357271464	0	0	0	0	0	1000	0	0	0.0	0	
10	2019-01-01 10:00:00	0	0	3209.731251942742	0	0	0.0	320.9731251942742	0	0	0	0.4970353225230796	3209.731251942742	3210.2282872652645	0	0.0	0.0	324.66815432877064	0	0.06053459404169795	320.9731251942742	0	3100.42932334225	3100.42932334225	0	0	0.0	310.042932334225	0	0	310.04293233422504	0	0	0	0	0	1000	0	0	0.0	0	
11	2019-01-01 11:00:00	0	0	3138.543701316087	0	0	0.0	313.85437013160873	0	0	0	64.96319510554595	3138.543701316087	3203.506896421633	0	1.4210854715202004e-14	4.547473508864641e-13	323.0283258414446	0	8.177781508868037	313.85437013160873	0	3100.9154711618107	3100.9154711618107	0	0	4.547473508864641e-13	310.09154711618106	0	0	310.0915471161811	0	0	0	0	0	1000	0	0	0.0	0	
12	2019-01-01 12:00:00	0	0	3161.0538646221867	0	0	0.0	316.1053864622187	0	0	0	35.51063076304342	3161.0538646221867	3196.56449538523	0	0.0	0.0	323.8659515183908	0	5.136679674903117	316.1053864622187	0	3101.1109357510427	3101.1109357510427	0	0	0.0	310.1110935751043	0	0	310.1110935751043	0	0	0	0	0	1000	0	0	0.0	0	
13	2019-01-01 13:00:00	0	0	3195.336505454758	0	0	0.0	319.53365054547584	0	0	0	3.586024143494142	3195.336505454758	3198.922529598252	0	-8.881784197001252e-16	0.0	324.3252103361497	0	0.5380958249676527	319.53365054547584	0	3101.2802966395648	3101.2802966395648	0	0	0.0	310.12802966395645	0	0	310.1280296639565	0	0	0	0	0	1000	0	0	0.0	0	
14	2019-01-01 14:00:00	0	0	3223.221256704952	0	0	0.0	322.3221256704952	0	0	0	1.9209655072265612	3223.221256704952	3225.142222212178	0	2.220446049250313e-16	0.0	325.1708761738951	0	0.35473465329973997	322.3221256704952	0	3100.999514143151	3100.999514143151	0	0	0.0	310.09995141431506	0	0	310.0999514143151	0	0	0	0	0	1000	0	0	0.0	0	
15	2019-01-01 15:00:00	0	0	3203.541146756727	0	0	0.0	320.3541146756727	0	0	0	2.0889289097692467	3203.541146756727	3205.6300756664955	0	0.0	0.0	323.0240218971175	0	0.37345656511042113	320.3541146756727	0	3100.4585230823945	3100.4585230823945	0	0	0.0	310.04585230823943	0	0	310.0458523082395	0	0	0	0	0	1000	0	0	0.0	0	
16	2019-01-01 16:00:00	0	0	3186.6423551945954	0	0	0.0	318.66423551945957	0	0	0	2.675468825215464	3186.6423551945954	3189.317824019811	0	4.440892098500626e-16	0.0	320.43104884545687	0	0.4394113197454537	318.66423551945957	1.1980932734842273	3099.000568388739	3100.198661662223	0	0.0	0.0	310.0198661662223	0	0.1797139910226341	309.9000568388739	0	0	0	0	0	1000	0	0	0.0	0	
17	2019-01-01 17:00:00	0	0	3181.7225420007708	0	0	0.0	318.1722542000771	0	0	0	1.257806672859928	3181.7225420007708	3182.9803486736305	0	2.220446049250313e-16	0.0	320.00563580576784	0	0.2065942909325704	318.1722542000771	0.31725807781945375	3099.6827419221804	3100	0	0.0	0	310.0	0	0.04758871167291806	309.9682741922181	0	0	0	0	0	1000	0	0	0.0	0	
18	2019-01-01 18:00:00	0	0	3182.884865068169	0	0	0.0	318.2884865068169	0	0	0	3.9037653377542947	3182.884865068169	3186.7886304059234	0	0.0	0.0	325.585067812022	0	0.7221823823182784	318.2884865068169	0.6316831564767664	3099.368316843523	3100	0	0.0	0	310.0	0	0.09475247347151496	309.93683168435234	0	0	0	0	0	1000	0	0	0.0	0	
19	2019-01-01 19:00:00	0	0	3182.057878151498	0	0	0.0	318.2057878151498	0	0	0	0.9712030007512094	3182.057878151498	3183.029081152249	0	1.1102230246251565e-16	0.0	328.36197673941757	0	0.20350851035416329	318.2057878151498	0.6570138909509089	3099.342986109049	3100	0	0.0	0	310.0	0	0.09855208364263633	309.93429861090493	0	0	0	0	0	1000	0	0	0.0	0	
20	2019-01-01 20:00:00	0	0	3179.0440759597286	0	0	0.0	317.9044075959729	0	0	0	1.751117060126971	3179.0440759597286	3180.7951930198556	0	2.220446049250313e-16	0.0	327.514269061749	0	0.3569693231279155	317.9044075959729	0.7497487239942628	3099.2502512760057	3100	0	0.0	0	310.0	0	0.11246230859913943	309.9250251276006	0	0	0	0	0	1000	0	0	0.0	0	
21	2019-01-01 21:00:00	0	0	3185.158896127004	0	0	0.0	318.51588961270045	0	0	0	2.9806133692429184	3185.158896127004	3188.139509496247	0	0.0	0.0	328.30513026075255	0	0.6063358377148925	318.51588961270045	1.824275443353105	3098.175724556647	3100	0	0.0	0	310.0	0	0.27364131650296575	309.81757245566473	0	0	0	0	0	1000	0	0	0.0	0	
22	2019-01-01 22:00:00	0	0	3201.8454413929367	0	0	0.0	320.1845441392937	0	0	0	3.721884803347478	3201.8454413929367	3205.5673261962843	0	4.440892098500626e-16	0.0	334.19576117380495	0	0.8100612119311604	320.1845441392937	0.9044033445156914	3099.0955966554843	3100	0	0.0	0	310.0	0	0.13566050167735372	309.90955966554844	0	0	0	0	0	1000	0	0	0.0	0	
23	2019-01-01 23:00:00	0	0	3219.3313452145053	0	0	0.0	321.93313452145054	0	0	0	3.865776184862164	3219.3313452145053	3223.1971213993675	0	0.0	0.0	335.3217433947896	0	0.788451374119419	321.93313452145054	0.9865582076324814	3099.0134417923673	3100	0	0.0	0	310.0	0	0.1479837311448722	309.90134417923673	0	0	0	0	0	1000	0	0	0.0	0	
24	2019-01-02 00:00:00	0	0	3229.039480552579	0	0	0.0	322.9039480552579	0	0	0	3.2973267367573467	3229.039480552579	3232.3368072893363	0	0.0	0.0	336.5735825030937	0	0.5444010801428197	322.9039480552579	1.0622104522633882	3098.9377895477364	3100	0	0.0	0	310.0	0	0.15933156783950822	309.89377895477367	0	0	0	0	0	1000	0	0	0.0	0	
25	2019-01-02 01:00:00	0	0	3238.304902071834	0	0	0.0	323.8304902071834	0	0	0	3.506295613688134	3238.304902071834	3241.811197685522	0	0.0	0.0	334.23039037225857	0	0.5206556448738286	323.8304902071834	1.1371750556779656	3098.8628249443223	3100	0	0.0	0	310.0	0	0.17057625835169485	309.88628249443224	0	0	0	0	0	1000	0	0	0.0	0	
26	2019-01-02 02:00:00	0	0	3253.933749580858	0	0	0.0	325.3933749580858	0	0	0	3.8549557597105877	3253.933749580858	3257.788705340569	0	-4.440892098500626e-16	0.0	334.5243719507089	0	0.483802284927843	325.3933749580858	1.2204113258311526	3098.7795886741687	3100	0	0.0	0	310.0	0	0.18306169887467288	309.8779588674169	0	0	0	0	0	1000	0	0	0.0	0	
27	2019-01-02 03:00:00	0	0	3259.013032129168	0	0	0.0	325.90130321291684	0	0	0	1.8906048265536564	3259.013032129168	3260.9036369557216	0	0.0	0.0	332.6100102499837	0	0.26325592811181175	325.90130321291684	1.276625591828446	3098.7233744081714	3100	0	0.0	0	310.0	0	0.19149383877426687	309.87233744081715	0	0	0	0	0	1000	0	0	0.0	0	
28	2019-01-02 04:00:00	0	0	3260.592735409704	0	0	0.0	326.0592735409704	0	0	0	1.979777658041071	3260.592735409704	3262.572513067745	0	0.0	0.0	323.88084904733324	0	0.17135652960566836	326.0592735409704	1.3172979282048591	3098.682702071795	3100	0	0.0	0	310.0	0	0.19759468923072887	309.86827020717953	0	0	0	0	0	1000	0	0	0.0	0	
29	2019-01-02 05:00:00	0	0	3265.28616780718	0	0	0.0	326.52861678071804	0	0	0	0.9610777390203766	3265.28616780718	3266.2472455462002	0	0.0	0.0	321.37131159536005	0	0.06999869099406407	326.52861678071804	0	3100.0	3100	0	0	0	310.0	0	0	310.0	0	0	0	0	0	1000	0	0	0.0	0	
30	2019-01-02 06:00:00	0	0	3253.352327619133	0	0	0.0	325.33523276191335	0	0	0	0.5458168855170783	3253.352327619133	3253.89814450465	0	-1.1102230246251565e-16	0.0	320.2957858673611	0	0.040680835689880686	325.33523276191335	0	3100.0	3100	0	0	0	310.0	0	0	310.0	0	0	0	0	0	1000	0	0	0.0	0	
31	2019-01-02 07:00:00	0	0	3244.801966354202	0	0	0.0	324.4801966354202	0	0	0	0.9710494556483416	3244.801966354202	3245.7730158098498	0	-1.1102230246251565e-16	0.0	322.72598428019995	0	0.08568594009906888	324.4801966354202	0	3100.0	3100	0	0	0	310.0	0	0	310.0	0	0	0	0	0	1000	0	0	0.0	0	
32	2019-01-02 08:00:00	0	0	3242.2495779855367	0	0	0.0	324.2249577985537	0	0	0	0.48049878531041357	3242.2495779855367	3242.730076770847	0	0.0	0.0	331.7520636998771	0	0.0661623497230259	324.2249577985537	0	3100.0	3100	0	0	0	310.0	0	0	310.0	0	0	0	0	0	1000	0	0	0.0	0	
33	2019-01-02 09:00:00	0	0	3239.1163377066778	0	0	0.0	323.9116337706678	0	0	0	8.756183486125279	3239.1163377066778	3247.872521192803	0	0.0	4.547473508864641e-13	329.32714847515723	0	1.1405317326362092	323.9116337706678	0.4901048162468086	3099.5098951837526	3099.9999999999995	0	0.0	4.547473508864641e-13	309.99999999999994	0	0.07351572243702129	309.9509895183753	0	0	0	0	0	1000	0	0	0.0	0	
34	2019-01-02 10:00:00	0	0	3255.6718940206774	0	0	0.0	325.56718940206775	0	0	0	1.0655306444986798	3255.6718940206774	3256.737424665176	0	0.0	9.094947017729282e-13	330.8771842317331	0	0.11835129434450181	325.56718940206775	0	3100.0072510141035	3100.0072510141035	0	0	9.094947017729282e-13	310.00072510141035	0	0	310.00072510141035	0	0	0	0	0	1000	0	0	0.0	0	
35	2019-01-02 11:00:00	0	0	3208.9429112737553	0	0	0.0	320.89429112737554	0	0	0	57.55818981483755	3208.9429112737553	3266.501101088593	0	0.0	0.0	330.99503549716275	0	7.251518285145069	320.89429112737554	0	3100.0288639888427	3100.0288639888427	0	0	0.0	310.00288639888424	0	0	310.0028863988843	0	0	0	0	0	1000	0	0	0.0	0	
36	2019-01-02 12:00:00	0	0	3259.496552994602	0	0	0.0	325.94965529946023	0	0	0	3.3367023477476554	3259.496552994602	3262.8332553423497	0	0.0	0.0	333.4608052195118	0	0.5411196758444701	325.94965529946023	0	3100.0786139528527	3100.0786139528527	0	0	0.0	310.00786139528526	0	0	310.0078613952853	0	0	0	0	0	1000	0	0	0.0	0	
37	2019-01-02 13:00:00	0	0	3251.1580769353295	0	0	0.0	325.115807693533	0	0	0	0.8293796786673856	3251.1580769353295	3251.987456613997	0	0.0	0.0	332.09897619167515	0	0.12991740455966388	325.115807693533	0	3100.0	3100	0	0	0	310.0	0	0	310.0	0	0	0	0	0	1000	0	0	0.0	0	
38	2019-01-02 14:00:00	0	0	3268.7357576066993	0	0	0.0	326.87357576066995	0	0	0	2.3330354629689602	3268.7357576066993	3271.0687930696677	0	4.440892098500626e-16	0.0	330.7676144153079	0	0.43867513868661673	326.87357576066995	0	3100.006404829432	3100.006404829432	0	0	0.0	310.0006404829432	0	0	310.00064048294325	0	0	0	0	0	1000	0	0	0.0	0	
39	2019-01-02 15:00:00	0	0	3234.6131712232213	0	0	0.0	323.46131712232216	0	0	0	0.8587745393581376	3234.6131712232213	3235.4719457625797	0	0.0	0.0	326.7172381071024	0	0.14453369070509287	323.46131712232216	0	3100.0	3100	0	0	0	310.0	0	0	310.0	0	0	0	0	0	1000	0	0	0.0	0	
40	2019-01-02 16:00:00	0	0	3218.0754532583273	0	0	0.0	321.80754532583273	0	0	0	2.5858605047918344	3218.0754532583273	3220.6613137631193	0	0.0	0.0	324.1283846128904	0	0.3195045096434804	321.80754532583273	3.570808922330614	3096.429191077669	3100	0	0.0	0	310.0	0	0.5356213383495921	309.64291910776694	0	0	0	0	0	1000	0	0	0.0	0	
41	2019-01-02 17:00:00	0	0	3214.0533657413876	0	0	0.0	321.4053365741388	0	0	0	0.5263958392270413	3214.0533657413876	3214.579761580614	0	-1.1102230246251565e-16	0.0	323.82143853331206	0	0.07343589623648558	321.4053365741388	0.7110859925856133	3099.2889140074144	3100	0	0.0	0	310.0	0	0.106662898887842	309.92889140074146	0	0	0	0	0	1000	0	0	0.0	0	
42	2019-01-02 18:00:00	0	0	3221.4270065067226	0	0	0.0	322.1427006506723	0	0	0	3.071742416288944	3221.4270065067226	3224.498748923011	0	0.0	0.0	332.3951463126393	0	0.5521072202763913	322.1427006506723	1.3907627268386364	3098.6092372731614	3100	0	0.0	0	310.0	0	0.20861440902579545	309.86092372731616	0	0	0	0	0	1000	0	0	0.0	0	
43	2019-01-02 19:00:00	0	0	3223.9705319665795	0	0	0.0	322.39705319665796	0	0	0	1.572247829811668	3223.9705319665795	3225.542779796391	0	0.0	0.0	337.8022569510447	0	0.3429404277841335	322.39705319665796	1.3122865214587682	3098.6877134785414	3100	0	0.0	0	310.0	0	0.19684297821881522	309.86877134785414	0	0	0	0	0	1000	0	0	0.0	0	
44	2019-01-02 20:00:00	0	0	3225.5235277128754	0	0	0.0	322.5523527712876	0	0	0	1.553784999470102	3225.5235277128754	3227.0773127123457	0	4.440892098500626e-16	0.0	337.57194203603666	0	0.32329620910485973	322.5523527712876	1.3946904406542142	3098.6053095593456	3100	0	0.0	0	310.0	0	0.20920356609813212	309.86053095593456	0	0	0	0	0	1000	0	0	0.0	0	
45	2019-01-02 21:00:00	0	0	3239.9565401865257	0	0	0.0	323.9956540186526	0	0	0	2.763425613688015	3239.9565401865257	3242.7199658002137	0	-4.440892098500626e-16	0.0	339.5861637523605	0	0.5627914708493167	323.9956540186526	2.438016875986155	3097.5619831240138	3100	0	0.0	0	310.0	0	0.3657025313979232	309.7561983124014	0	0	0	0	0	1000	0	0	0.0	0	
46	2019-01-02 22:00:00	0	0	3257.623680954412	0	0	0.0	325.7623680954412	0	0	0	3.096568597040452	3257.623680954412	3260.720249551452	0	0.0	0.0	346.8522422860988	0	0.6830879107671302	325.7623680954412	1.4984649758975221	3098.5015350241024	3100	0	0.0	0	310.0	0	0.22476974638462832	309.85015350241025	0	0	0	0	0	1000	0	0	0.0	0	
47	2019-01-02 23:00:00	0	0	3274.760181987269	0	0	0.0	327.47601819872693	0	0	0	3.9146646692308193	3274.760181987269	3278.6748466564995	0	0.0	0.0	346.7372812789865	0	0.7979095947816788	327.47601819872693	1.552437138500331	3098.4475628614996	3100	0	0.0	0	310.0	0	0.23286557077504966	309.84475628614996	0	0	0	0	0	1000	0	0	0.0	0	
48	2019-01-03 00:00:00	0	0	3256.5060913738257	0	0	0.0	325.6506091373826	0	0	0	3.451203462556739	3256.5060913738257	3259.9572948363825	0	0.0	4.547473508864641e-13	342.1503150419182	0	0.5491071772632387	325.6506091373826	1.5885607464173155	3098.411439253582	3099.9999999999995	0	0.0	4.547473508864641e-13	309.99999999999994	0	0.2382841119625973	309.8411439253582	0	0	0	0	0	1000	0	0	0.0	0	
49	2019-01-03 01:00:00	0	0	3240.7143594876625	0	0	0.0	324.0714359487663	0	0	0	3.1606582854577447	3240.7143594876625	3243.8750177731204	0	0.0	0.0	334.61490139275935	0	0.4567379716357133	324.0714359487663	1.6071958178793913	3098.3928041821205	3100	0	0.0	0	310.0	0	0.24107937268190868	309.83928041821207	0	0	0	0	0	1000	0	0	0.0	0	
50	2019-01-03 02:00:00	0	0	3224.663523683635	0	0	0.0	322.4663523683635	0	0	0	3.783040592705182	3224.663523683635	3228.4465642763403	0	-4.440892098500626e-16	0.0	329.9988422705453	0	0.4766107682273024	322.4663523683635	1.6295419584100201	3098.37045804159	3100	0	0.0	0	310.0	0	0.24443129376150302	309.83704580415906	0	0	0	0	0	1000	0	0	0.0	0	
51	2019-01-03 03:00:00	0	0	3237.842898414651	0	0	0.0	323.7842898414651	0	0	0	1.8906048265536564	3237.842898414651	3239.733503241204	0	0.0	0.0	329.65676785720825	0	0.26325592811181175	323.7842898414651	1.6450423579956672	3098.354957642004	3100	0	0.0	0	310.0	0	0.24675635369935006	309.83549576420046	0	0	0	0	0	1000	0	0	0.0	0	
52	2019-01-03 04:00:00	0	0	3253.271597322185	0	0	0.0	325.3271597322185	0	0	0	1.979777658041071	3253.271597322185	3255.251374980226	0	0.0	4.547473508864641e-13	323.24999646116174	0	0.17135652960566836	325.3271597322185	1.6549034239737694	3098.3450965760258	3099.9999999999995	0	0.0	4.547473508864641e-13	309.99999999999994	0	0.2482355135960654	309.8345096576026	0	0	0	0	0	1000	0	0	0.0	0	
53	2019-01-03 05:00:00	0	0	3264.564874704338	0	0	0.0	326.4564874704338	0	0	0	1.4517722132124449	3264.564874704338	3266.01664691755	0	0.0	0.0	321.35553864916045	0	0.10356219302880151	326.4564874704338	0	3100.0	3100	0	0	0	310.0	0	0	310.0	0	0	0	0	0	1000	0	0	0.0	0	
54	2019-01-03 06:00:00	0	0	3290.7873638706533	0	0	0.0	329.07873638706536	0	0	0	0.9312804406967732	3290.7873638706533	3291.7186443113496	0	0.0	0.0	322.82597730442933	0	0.06646834753140228	329.07873638706536	0	3100.0	3100	0	0	0	310.0	0	0	310.0	0	0	0	0	0	1000	0	0	0.0	0	
55	2019-01-03 07:00:00	0	0	3335.930620518737	0	0	0.0	333.59306205187374	0	0	0	0.4918805102630238	3335.930620518737	3336.4225010289997	0	-5.551115123125783e-17	0.0	330.6396843398317	0	0.04385449116693064	333.59306205187374	0	3100.0	3100	0	0	0	310.0	0	0	310.0	0	0	0	0	0	1000	0	0	0.0	0	
56	2019-01-03 08:00:00	0	0	3390.8504832890167	0	0	0.0	339.0850483289017	0	0	0	0.48049878531041357	3390.8504832890167	3391.330982074327	0	0.0	0.0	354.3988416681275	0	0.0661623497230259	339.0850483289017	0	3100.0	3100	0	0	0	310.0	0	0	310.0	0	0	0	0	0	1000	0	0	0.0	0	
57	2019-01-03 09:00:00	0	0	3398.1793817488333	0	0	0.0	339.81793817488335	0	0	0	0.4833832943877846	3398.1793817488333	3398.662765043221	0	5.551115123125783e-17	0.0	349.0157093035186	0	0.060104027595292216	339.81793817488335	0.4901048162468086	3099.661693174055	3100.151797990302	0	0.0	0.0	310.0151797990302	0	0.07351572243702129	309.9661693174055	0	0	0	0	0	1000	0	0	0.0	0	
58	2019-01-03 10:00:00	0	0	3401.2715105310162	0	0	0.0	340.12715105310167	0	0	0	1.0655306444986798	3401.2715105310162	3402.337041175515	0	0.0	4.547473508864641e-13	350.25468817852305	0	0.11835129434450181	340.12715105310167	0	3100.5001718691424	3100.5001718691424	0	0	4.547473508864641e-13	310.05001718691426	0	0	310.05001718691426	0	0	0	0	0	1000	0	0	0.0	0	
59	2019-01-03 11:00:00	0	0	3403.4927334216877	0	0	0.0	340.3492733421688	0	0	0	0.5293872696790688	3403.4927334216877	3404.0221206913666	0	0.0	0.0	348.31281089849415	0	0.060186284200586734	340.3492733421688	0	3100.934042938207	3100.934042938207	0	0	0.0	310.0934042938207	0	0	310.0934042938207	0	0	0	0	0	1000	0	0	0.0	0	
60	2019-01-03 12:00:00	0	0	3355.407928740982	0	0	0.0	335.5407928740982	0	0	0	1.4340958754013855	3355.407928740982	3356.8420246163832	0	2.220446049250313e-16	0.0	346.96471203473567	0	0.2669540831793725	335.5407928740982	0	3101.048156745697	3101.048156745697	0	0	0.0	310.1048156745697	0	0	310.1048156745697	0	0	0	0	0	1000	0	0	0.0	0	
61	2019-01-03 13:00:00	0	0	3320.2531943483086	0	0	0.0	332.02531943483086	0	0	0	0.4970353225230796	3320.2531943483086	3320.7502296708312	0	0.0	0.0	342.0460136025367	0	0.08159453517628179	332.02531943483086	0	3101.124885277585	3101.124885277585	0	0	0.0	310.1124885277585	0	0	310.1124885277585	0	0	0	0	0	1000	0	0	0.0	0	
62	2019-01-03 14:00:00	0	0	3288.8892481736807	0	0	0.0	328.8889248173681	0	0	0	2.3330354629689602	3288.8892481736807	3291.2222836366495	0	4.440892098500626e-16	0.0	333.1896168572423	0	0.43867513868661673	328.8889248173681	0	3101.1574007592026	3101.1574007592026	0	0	0.0	310.11574007592026	0	0	310.11574007592026	0	0	0	0	0	1000	0	0	0.0	0	
63	2019-01-03 15:00:00	0	0	3244.4666876151327	0	0	0.0	324.4466687615133	0	0	0	0.8587745393581376	3244.4666876151327	3245.325462154491	0	0.0	0.0	327.92359034854576	0	0.14453369070509287	324.4466687615133	0	3100.4090462101913	3100.4090462101913	0	0	0.0	310.0409046210191	0	0	310.04090462101914	0	0	0	0	0	1000	0	0	0.0	0	
64	2019-01-03 16:00:00	0	0	3212.3774475890227	0	0	0.0	321.2377447589023	0	0	0	0.5225612556114213	3212.3774475890227	3212.900008844634	0	-1.1102230246251565e-16	0.0	323.2028795526625	0	0.0789238171890443	321.2377447589023	2.346354453997629	3097.6663541338467	3100.0127085878444	0	0.0	0.0	310.00127085878444	0	0.35195316809964433	309.7666354133847	0	0	0	0	0	1000	0	0	0.0	0	
65	2019-01-03 17:00:00	0	0	3200.2960869014355	0	0	0.0	320.02960869014356	0	0	0	0.5263958392270413	3200.2960869014355	3200.8224827406625	0	-1.1102230246251565e-16	0.0	322.1590990871309	0	0.07343589623648558	320.02960869014356	0.48731301858750425	3099.5126869814126	3100	0	0.0	0	310.0	0	0.07309695278812564	309.9512686981413	0	0	0	0	0	1000	0	0	0.0	0	
66	2019-01-03 18:00:00	0	0	3195.6970159869866	0	0	0.0	319.56970159869866	0	0	0	3.071742416288944	3195.6970159869866	3198.7687584032756	0	0.0	0.0	327.75990379288316	0	0.5521072202763913	319.56970159869866	1.0164055531245735	3098.9835944468755	3100	0	0.0	0	310.0	0	0.152460832968686	309.89835944468757	0	0	0	0	0	1000	0	0	0.0	0	
67	2019-01-03 19:00:00	0	0	3194.32631505372	0	0	0.0	319.432631505372	0	0	0	1.572247829811668	3194.32631505372	3195.898562883531	0	0.0	0.0	331.2366048437306	0	0.3429404277841335	319.432631505372	0.9961838334185292	3099.0038161665816	3100	0	0.0	0	310.0	0	0.14942757501277937	309.9003816166582	0	0	0	0	0	1000	0	0	0.0	0	
68	2019-01-03 20:00:00	0	0	3193.1900181993224	0	0	0.0	319.3190018199323	0	0	0	1.553784999470102	3193.1900181993224	3194.743803198792	0	4.440892098500626e-16	0.0	330.56194274362906	0	0.32329620910485973	319.3190018199323	1.086468398007642	3098.9135316019924	3100	0	0.0	0	310.0	0	0.1629702597011463	309.8913531601993	0	0	0	0	0	1000	0	0	0.0	0	
69	2019-01-03 21:00:00	0	0	3191.6826655077016	0	0	0.0	319.16826655077017	0	0	0	2.763425613688015	3191.6826655077016	3194.4460911213896	0	-4.440892098500626e-16	0.0	329.63521515265643	0	0.5627914708493167	319.16826655077017	2.1473310636107903	3097.8526689363894	3100	0	0.0	0	310.0	0	0.32209965954161857	309.78526689363895	0	0	0	0	0	1000	0	0	0.0	0	
70	2019-01-03 22:00:00	0	0	3198.5156768480456	0	0	0.0	319.8515676848046	0	0	0	3.096568597040452	3198.5156768480456	3201.612245445086	0	0.0	0.0	333.33458604504057	0	0.6830879107671302	319.8515676848046	1.2243002265139353	3098.775699773486	3100	0	0.0	0	310.0	0	0.18364503397709028	309.8775699773486	0	0	0	0	0	1000	0	0	0.0	0	
71	2019-01-03 23:00:00	0	0	3222.5740461852024	0	0	0.0	322.25740461852024	0	0	0	3.9146646692308193	3222.5740461852024	3226.488710854433	0	0.0	0.0	336.0277183071724	0	0.7979095947816788	322.25740461852024	1.293975121966919	3098.706024878033	3100	0	0.0	0	310.0	0	0.19409626829503787	309.87060248780335	0	0	0	0	0	1000	0	0	0.0	0	
72	2019-01-04 00:00:00	0	0	11303.269307040766	0	0	0.0	1130.3269307040766	0	0	0	3.451203462556739	5651.634653520383	16652.33125674312	0	0.0	0.0	1680.879441384597	0	0.5491071772632387	565.1634653520383	1.3773001199103554	6197.24539976018	3100	0	0.0	0	310.0	0	0.2065950179865533	619.724539976018	0	4799.999999999999	1000.0	0	0	0.0	200.0	0	0	479.99999999999994	
73	2019-01-04 01:00:00	0	0	9350.71285276149	0	0	0.0	935.071285276149	0	0	0	3.1606582854577447	4675.356426380745	13675.575327032106	0	0.0	0.0	1380.2106865360831	0	0.4567379716357133	467.5356426380745	1.470878817048247	6197.058242365903	3100	0	0.0	0	310.0	0	0.22063182255723704	619.7058242365904	0	2800.0	1000.0	0	0	0.0	170.3	0	0	280.0	
74	2019-01-04 02:00:00	0	0	3665.07851547296	0	0	0.0	366.507851547296	0	0	0	3.783040592705182	3665.07851547296	3668.8615560656654	0	-4.440892098500626e-16	0.0	376.25985674250853	0	0.4766107682273024	366.507851547296	1.5693736787349606	3098.430626321265	3100	0	0.0	0	310.0	0	0.23540605181024407	309.84306263212653	0	400.0	400.0	0	0	600.0	62.0	0	0	40.0	
75	2019-01-04 03:00:00	0	0	3257.7784703909697	0	0	0.0	325.77784703909697	0	0	0	1.8906048265536564	3257.7784703909697	3259.669075217523	0	0.0	0.0	332.45163655687645	0	0.26325592811181175	325.77784703909697	1.6425923228768184	3098.3574076771233	3100	0	0.0	0	310.0	0	0.24638884843152276	309.83574076771237	0.0	0	0	0	0	1000.0	0	0	0.0	0	
76	2019-01-04 04:00:00	0	0	3253.0511776495105	0	0	0.0	325.3051177649511	0	0	0	1.979777658041071	3253.0511776495105	3255.0309553075517	0	0.0	0.0	323.2306888280238	0	0.17135652960566836	325.3051177649511	1.6867483290985614	3098.3132516709015	3100	0	0.0	0	310.0	0	0.2530122493647842	309.8313251670902	0.0	0	0	0	0	1000.0	0	0	0.0	0	
77	2019-01-04 05:00:00	0	0	3280.3786338484297	0	0	0.0	328.037863384843	0	0	0	0.9610777390203766	3280.3786338484297	3281.33971158745	0	0.0	0.0	322.4036362725816	0	0.06999869099406407	328.037863384843	0	3100.0	3100	0	0	0	310.0	0	0	310.0	0.0	0	0	0	0	1000.0	0	0	0.0	0	
78	2019-01-04 06:00:00	0	0	3320.1934932348327	0	0	0.0	332.0193493234833	0	0	0	0.3458168855170783	3320.1934932348327	3320.53931012035	0	-5.551115123125783e-17	0.0	324.75407984705146	0	0.027300835689880683	332.0193493234833	0	3100.0	3100	0	0	0	310.0	0	0	310.0	0.0	0	0	0	0	1000.0	0	0	0.0	0	
79	2019-01-04 07:00:00	0	0	3328.177861395337	0	0	0.0	332.8177861395337	0	0	0	0.29188051026302386	3328.177861395337	3328.4697419055997	0	0.0	0.0	329.9454084683589	0	0.026394491166930635	332.8177861395337	0	3100.0	3100	0	0	0	310.0	0	0	310.0	0.0	0	0	0	0	1000.0	0	0	0.0	0	
80	2019-01-04 08:00:00	0	0	3335.6959697027364	0	0	0.0	333.56959697027366	0	0	0	0.2804987853104136	3335.6959697027364	3335.976468488047	0	0.0	0.0	345.96281379757835	0	0.0356823497230259	333.56959697027366	0	3100.0	3100	0	0	0	310.0	0	0	310.0	0.0	0	0	0	0	1000.0	0	0	0.0	0	
81	2019-01-04 09:00:00	0	0	3356.9891427146727	0	0	0.0	335.6989142714673	0	0	0	1.346137358887579	3356.9891427146727	3358.33528007356	0	0.0	0.0	343.74983212017673	0	0.1727797084189653	335.6989142714673	0.4901048162468086	3099.632531288573	3100.12263610482	0	0.0	0.0	310.01226361048197	0	0.07351572243702129	309.96325312885733	0.0	0	0	0	0	1000.0	0	0	0.0	0	
82	2019-01-04 10:00:00	0	0	3376.1937809505744	0	0	0.0	337.61937809505747	0	0	0	1.0655306444986798	3376.1937809505744	3377.259311595073	0	0.0	0.0	346.91581650012705	0	0.11835129434450181	337.61937809505747	0	3100.455536275201	3100.455536275201	0	0	0.0	310.0455536275201	0	0	310.0455536275201	0.0	0	0	0	0	1000.0	0	0	0.0	0	
83	2019-01-04 11:00:00	0	0	3413.6497603870844	0	0	0.0	341.36497603870845	0	0	0	0.7559706485658204	3413.6497603870844	3414.40573103565	0	0.0	0.0	349.6235971684192	0	0.0887584482782061	341.36497603870845	0	3100.8799047960283	3100.8799047960283	0	0	0.0	310.0879904796028	0	0	310.08799047960287	0.0	0	0	0	0	1000.0	0	0	0.0	0	
84	2019-01-04 12:00:00	0	0	3430.32667492106	0	0	0.0	343.03266749210604	0	0	0	1.4340958754013855	3430.32667492106	3431.7607707964617	0	2.220446049250313e-16	0.0	357.75897154503235	0	0.2669540831793725	343.03266749210604	0	3101.0828917627614	3101.0828917627614	0	0	0.0	310.1082891762761	0	0	310.1082891762762	0.0	0	0	0	0	1000.0	0	0	0.0	0	
85	2019-01-04 13:00:00	0	0	3448.4793576586003	0	0	0.0	344.84793576586003	0	0	0	0.4970353225230796	3448.4793576586003	3448.9763929811234	0	0.0	4.547473508864641e-13	360.68400140963143	0	0.08159453517628179	344.84793576586003	0	3101.259165855151	3101.259165855151	0	0	4.547473508864641e-13	310.1259165855151	0	0	310.12591658551514	0.0	0	0	0	0	1000.0	0	0	0.0	0	
86	2019-01-04 14:00:00	0	0	3453.03449066405	0	0	0.0	345.303449066405	0	0	0	2.3330354629689602	3453.03449066405	3455.3675261270187	0	4.440892098500626e-16	0.0	353.11840219494064	0	0.43867513868661673	345.303449066405	0	3101.0848353681968	3101.0848353681968	0	0	0.0	310.1084835368197	0	0	310.1084835368197	0.0	0	0	0	0	1000.0	0	0	0.0	0	
87	2019-01-04 15:00:00	0	0	3459.260190365235	0	0	0.0	345.9260190365235	0	0	0	0.8587745393581376	3459.260190365235	3460.118964904593	0	0.0	0.0	354.42056421024574	0	0.14453369070509287	345.9260190365235	0	3100.7741905547464	3100.7741905547464	0	0	0.0	310.07741905547465	0	0	310.07741905547465	0.0	0	0	0	0	1000.0	0	0	0.0	0	
88	2019-01-04 16:00:00	0	0	3442.396300381786	0	0	0.0	344.23963003817863	0	0	0	1.8003200895731963	3442.396300381786	3444.196620471359	0	-2.220446049250313e-16	0.0	350.17905624002	0	0.22791049722898726	344.23963003817863	3.2473125763734467	3097.245163068709	3100.492475645083	0	0.0	0.0	310.0492475645083	0	0.487096886456017	309.72451630687095	0.0	0	0	0	0	1000.0	0	0	0.0	0	
89	2019-01-04 17:00:00	0	0	3446.733605291076	0	0	0.0	344.67336052910764	0	0	0	0.5263958392270413	3446.733605291076	3447.260001130303	0	-1.1102230246251565e-16	0.0	351.85884281253396	0	0.07343589623648558	344.67336052910764	0.6835451869471342	3099.316454813053	3100	0	0.0	0	310.0	0	0.10253177804207013	309.93164548130534	0.0	0	0	0	0	1000.0	0	0	0.0	0	
90	2019-01-04 18:00:00	0	0	3430.6135460687465	0	0	0.0	343.06135460687466	0	0	0	3.071742416288944	3430.6135460687465	3433.6852884850355	0	0.0	4.547473508864641e-13	369.8368819732268	0	0.5521072202763913	343.06135460687466	1.35715613171435	3098.642843868285	3099.9999999999995	0	0.0	4.547473508864641e-13	309.99999999999994	0	0.20357341975715249	309.86428438682856	0.0	0	0	0	0	1000.0	0	0	0.0	0	
91	2019-01-04 19:00:00	0	0	3420.6836780260087	0	0	0.0	342.0683678026009	0	0	0	1.572247829811668	3420.6836780260087	3422.2559258558204	0	0.0	4.547473508864641e-13	381.1146069173606	0	0.3429404277841335	342.0683678026009	1.2799670874297056	3098.72003291257	3099.9999999999995	0	0.0	4.547473508864641e-13	309.99999999999994	0	0.19199506311445583	309.872003291257	0.0	0	0	0	0	1000.0	0	0	0.0	0	
92	2019-01-04 20:00:00	0	0	3410.6338434790173	0	0	0.0	341.0633843479018	0	0	0	1.553784999470102	3410.6338434790173	3412.1876284784876	0	4.440892098500626e-16	0.0	377.4971671262019	0	0.32329620910485973	341.0633843479018	1.368156122662719	3098.6318438773374	3100	0	0.0	0	310.0	0	0.20522341839940786	309.8631843877338	0.0	0	0	0	0	1000.0	0	0	0.0	0	
93	2019-01-04 21:00:00	0	0	3401.4388435900055	0	0	0.0	340.1438843590006	0	0	0	2.763425613688015	3401.4388435900055	3404.2022692036935	0	-4.440892098500626e-16	0.0	372.7685964252494	0	0.5627914708493167	340.1438843590006	2.4173469563065835	3097.5826530436934	3100	0	0.0	0	310.0	0	0.3626020434459875	309.7582653043694	0.0	0	0	0	0	1000.0	0	0	0.0	0	
94	2019-01-04 22:00:00	0	0	3397.6271865572608	0	0	0.0	339.7627186557261	0	0	0	3.096568597040452	3397.6271865572608	3400.723755154301	0	0.0	0.0	378.7842346864438	0	0.6830879107671302	339.7627186557261	1.4765506303486289	3098.523449369651	3100	0	0.0	0	310.0	0	0.22148259455229433	309.85234493696515	0.0	0	0	0	0	1000.0	0	0	0.0	0	
95	2019-01-04 23:00:00	0	0	3393.2623954275323	0	0	0.0	339.3262395427532	0	0	0	3.9146646692308193	3393.2623954275323	3397.177060096763	0	0.0	0.0	370.99241758607417	0	0.7979095947816788	339.3262395427532	1.5307868602370962	3098.469213139763	3100	0	0.0	0	310.0	0	0.2296180290355644	309.8469213139763	0.0	0	0	0	0	1000.0	0	0	0.0	0	
96	2019-01-05 00:00:00	0	0	17984.3291164653	0	0	0.0	1798.4329116465299	0	0	0	3.451203462556739	8992.16455823265	26392.469936325615	0	0.0	0.0	2668.9658610705624	0	0.5491071772632387	899.2164558232649	1.572912684793559	6196.854174630413	3100	0	0.0	0	310.0	0	0.23593690271903384	619.6854174630413	0	11199.999999999998	1000.0	0	0	0.0	200.0	0	0	1119.9999999999998	
97	2019-01-05 01:00:00	0	0	15997.368571715187	0	0	0.0	1599.7368571715187	0	0	0	3.1606582854577447	7998.684285857594	23398.650211971453	0	0.0	0.0	2361.1970156062334	0	0.4567379716357133	799.8684285857594	1.5973660857995626	6196.805267828401	3100	0	0.0	0	310.0	0	0.23960491286993438	619.6805267828402	0	9200.0	1000.0	0	0	0.0	170.3	0	0	920.0	
98	2019-01-05 02:00:00	0	0	14025.472258309273	0	0	0.0	1402.5472258309273	0	0	0	3.783040592705182	7012.736129154637	20413.28221459483	0	-4.440892098500626e-16	0.0	2058.8257920622805	0	0.4766107682273024	701.2736129154637	1.6184775762577404	6196.763044847485	3100	0	0.0	0	310.0	0	0.24277163643866104	619.6763044847485	0	7200.0	1000.0	0	0	0.0	155.0	0	0	720.0	
99	2019-01-05 03:00:00	0	0	12050.348866664184	0	0	0.0	1205.0348866664185	0	0	0	1.8906048265536564	6025.174433332092	17423.79655822124	0	0.0	0.0	1755.593366802843	0	0.26325592811181175	602.5174433332093	1.6342399687040357	6196.731520062592	3100	0	0.0	0	310.0	0	0.24513599530560534	619.6731520062592	0	5199.999999999999	1000.0	0	0	0.0	140.2	0	0	519.9999999999999	
100	2019-01-05 04:00:00	0	0	10067.126965389072	0	0	0.0	1006.7126965389073	0	0	0	1.979777658041071	5033.563482694536	14432.255169473032	0	0.0	0.0	1438.3363010133141	0	0.17135652960566836	503.35634826945363	1.6440454397726465	6196.711909120455	3100	0	0.0	0	310.0	0	0.24660681596589695	619.6711909120455	0	3200.0	1000.0	0	0	0.0	85.5	0	0	320.0	
101	2019-01-05 05:00:00	0	0	4034.0814753349878	0	0	0.0	403.4081475334988	0	0	0	1.4517722132124449	4034.0814753349878	4035.5332475482	0	0.0	0.0	392.9504741322969	0	0.10356219302880151	403.4081475334988	0	3100.0	3100	0	0	0	310.0	0	0	310.0	0	600.0	600.0	0	0	400.0	41.04	0	0	60.0	
102	2019-01-05 06:00:00	0	0	3424.785871992053	0	0	0.0	342.4785871992053	0	0	0	0.9312804406967732	3424.785871992053	3425.7171524327505	0	0.0	0.0	331.79047749775094	0	0.06646834753140228	342.4785871992053	0	3100.0	3100	0	0	0	310.0	0	0	310.0	0.0	0	0	0	0	1000.0	0	0	0.0	0	
103	2019-01-05 07:00:00	0	0	3415.0714312163873	0	0	0.0	341.50714312163876	0	0	0	0.4918805102630238	3415.0714312163873	3415.5633117266498	0	-5.551115123125783e-17	0.0	337.5486771137365	0	0.04385449116693064	341.50714312163876	0	3100.0	3100	0	0	0	310.0	0	0	310.0	0.0	0	0	0	0	1000.0	0	0	0.0	0	
104	2019-01-05 08:00:00	0	0	3410.6370875340394	0	0	0.0	341.06370875340394	0	0	0	0.48049878531041357	3410.6370875340394	3411.11758631935	0	0.0	0.0	357.4143201550689	0	0.0661623497230259	341.06370875340394	0	3100.0	3100	0	0	0	310.0	0	0	310.0	0.0	0	0	0	0	1000.0	0	0	0.0	0	
105	2019-01-05 09:00:00	0	0	3424.680042761045	0	0	0.0	342.4680042761045	0	0	0	2.2025708807903053	3424.680042761045	3426.882613641835	0	4.440892098500626e-16	4.547473508864641e-13	352.70571983240836	0	0.2846299263794614	342.4680042761045	0.4901048162468086	3099.5146898436383	3100.004794659885	0	0.0	4.547473508864641e-13	310.0004794659885	0	0.07351572243702129	309.9514689843638	0.0	0	0	0	0	1000.0	0	0	0.0	0	
106	2019-01-05 10:00:00	0	0	3450.9441599168804	0	0	0.0	345.09441599168804	0	0	0	1.0655306444986798	3450.9441599168804	3452.009690561379	0	0.0	0.0	356.86978585017374	0	0.11835129434450181	345.09441599168804	0	3100.539305198857	3100.539305198857	0	0	0.0	310.05393051988574	0	0	310.05393051988574	0.0	0	0	0	0	1000.0	0	0	0.0	0	
107	2019-01-05 11:00:00	0	0	3451.459615928437	0	0	0.0	345.1459615928437	0	0	0	0.5293872696790688	3451.459615928437	3451.989003198116	0	0.0	0.0	354.36447789084747	0	0.060186284200586734	345.1459615928437	0	3100.817448752294	3100.817448752294	0	0	0.0	310.08174487522933	0	0	310.0817448752294	0.0	0	0	0	0	1000.0	0	0	0.0	0	
108	2019-01-05 12:00:00	0	0	3440.1620131904424	0	0	0.0	344.0162013190443	0	0	0	1.4340958754013855	3440.1620131904424	3441.596109065844	0	2.220446049250313e-16	0.0	359.1758366304057	0	0.2669540831793725	344.0162013190443	0	3101.0921243986936	3101.0921243986936	0	0	4.547473508864641e-13	310.10921243986934	0	0	310.1092124398694	0.0	0	0	0	0	1000.0	0	0	0.0	0	
109	2019-01-05 13:00:00	0	0	3433.3168257103307	0	0	0.0	343.33168257103307	0	0	0	0.4970353225230796	3433.3168257103307	3433.8138610328538	0	0.0	4.547473508864641e-13	358.48330585557807	0	0.08159453517628179	343.33168257103307	0	3101.1724567973315	3101.1724567973315	0	0	4.547473508864641e-13	310.1172456797332	0	0	310.1172456797332	0.0	0	0	0	0	1000.0	0	0	0.0	0	
110	2019-01-05 14:00:00	0	0	3415.7198163879975	0	0	0.0	341.5719816387998	0	0	0	2.3330354629689602	3415.7198163879975	3418.0528518509664	0	4.440892098500626e-16	0.0	348.5905182435475	0	0.43867513868661673	341.5719816387998	0	3100.9858865027973	3100.9858865027973	0	0	0.0	310.0985886502797	0	0	310.09858865027974	0.0	0	0	0	0	1000.0	0	0	0.0	0	
111	2019-01-05 15:00:00	0	0	3418.700932990046	0	0	0.0	341.8700932990046	0	0	0	0.8587745393581376	3418.700932990046	3419.5597075294045	0	0.0	0.0	349.41490675912155	0	0.14453369070509287	341.8700932990046	0	3100.8017585473076	3100.8017585473076	0	0	0.0	310.0801758547308	0	0	310.0801758547308	0.0	0	0	0	0	1000.0	0	0	0.0	0	
112	2019-01-05 16:00:00	0	0	3435.1525782184262	0	0	0.0	343.5152578218426	0	0	0	0.5225612556114213	3435.1525782184262	3435.6751394740377	0	-1.1102230246251565e-16	0.0	349.19620924211563	0	0.0789238171890443	343.5152578218426	3.708301973085989	3096.597109672116	3100.3054116452017	0	0.0	0.0	310.0305411645202	0	0.5562452959628984	309.6597109672116	0.0	0	0	0	0	1000.0	0	0	0.0	0	
113	2019-01-05 17:00:00	0	0	3455.9493261466932	0	0	0.0	345.59493261466935	0	0	0	0.5263958392270413	3455.9493261466932	3456.4757219859202	0	-1.1102230246251565e-16	0.0	352.96982162186	0	0.07343589623648558	345.59493261466935	0.7071767100799105	3099.2928232899203	3100	0	0.0	0	310.0	0	0.10607650651198657	309.92928232899203	0.0	0	0	0	0	1000.0	0	0	0.0	0	
114	2019-01-05 18:00:00	0	0	3459.4239919357074	0	0	0.0	345.94239919357074	0	0	0	3.071742416288944	3459.4239919357074	3462.4957343519964	0	0.0	0.0	374.99978884866204	0	0.5521072202763913	345.94239919357074	1.431043033603465	3098.5689569663964	3100	0	0.0	0	310.0	0	0.21465645504051975	309.85689569663964	0.0	0	0	0	0	1000.0	0	0	0.0	0	
115	2019-01-05 19:00:00	0	0	3478.3118244709917	0	0	0.0	347.8311824470992	0	0	0	1.572247829811668	3478.3118244709917	3479.8840723008034	0	0.0	0.0	393.81265233564557	0	0.3429404277841335	347.8311824470992	1.3492480449967643	3098.650751955003	3100	0	0.0	0	310.0	0	0.20238720674951463	309.86507519550037	0.0	0	0	0	0	1000.0	0	0	0.0	0	
116	2019-01-05 20:00:00	0	0	3489.788216777302	0	0	0.0	348.9788216777302	0	0	0	1.553784999470102	3489.788216777302	3491.3420017767717	0	4.440892098500626e-16	0.0	394.5790139412367	0	0.32329620910485973	348.9788216777302	1.4394482107780293	3098.560551789222	3100	0	0.0	0	310.0	0	0.2159172316167044	309.8560551789222	0.0	0	0	0	0	1000.0	0	0	0.0	0	
117	2019-01-05 21:00:00	0	0	3469.7896488043634	0	0	0.0	346.97896488043637	0	0	0	2.763425613688015	3469.7896488043634	3472.5530744180514	0	-4.440892098500626e-16	0.0	386.8220541282043	0	0.5627914708493167	346.97896488043637	2.4871785335987084	3097.5128214664014	3100	0	0.0	0	310.0	0	0.37307678003980627	309.75128214664016	0.0	0	0	0	0	1000.0	0	0	0.0	0	
118	2019-01-05 22:00:00	0	0	3441.9022974219106	0	0	0.0	344.1902297421911	0	0	0	3.096568597040452	3441.9022974219106	3444.998866018951	0	0.0	0.0	388.8932810858027	0	0.6830879107671302	344.1902297421911	1.5537841286490213	3098.446215871351	3100	0	0.0	0	310.0	0	0.23306761929735317	309.8446215871351	0.0	0	0	0	0	1000.0	0	0	0.0	0	
119	2019-01-05 23:00:00	0	0	3414.8167203324188	0	0	0.0	341.4816720332419	0	0	0	3.9146646692308193	3414.8167203324188	3418.7313850016494	0	0.0	0.0	375.4131440892659	0	0.7979095947816788	341.4816720332419	1.6125079219506002	3098.3874920780495	3100	0	0.0	0	310.0	0	0.24187618829259003	309.838749207805	0.0	0	0	0	0	1000.0	0	0	0.0	0	
120	2019-01-06 00:00:00	0	0	18002.02183815392	0	0	0.0	1800.2021838153921	0	0	0	3.451203462556739	9001.01091907696	26401.10422605785	0	0.0	0.0	2670.72452968382	0	0.5491071772632387	900.1010919076961	1.6789482408334928	6196.642103518333	3100	0	0.0	0	310.0	0	0.25184223612502393	619.6642103518334	0	11200.0	1000.0	0	0	0.0	200.0	0	0	1120.0	
121	2019-01-06 01:00:00	0	0	15986.446534294566	0	0	0.0	1598.6446534294566	0	0	0	2.9606582854577446	7993.223267147283	23392.684306704723	0	0.0	0.0	2360.2131722266836	0	0.4226779716357133	799.3223267147283	1.7498093640097232	6196.500381271981	3100	0	0.0	0	310.0	0	0.26247140460145846	619.6500381271981	0	9200.0	1000.0	0	0	0.0	170.3	0	0	920.0	
122	2019-01-06 02:00:00	0	0	13975.800250765835	0	0	0.0	1397.5800250765835	0	0	0	3.583040592705182	6987.900125382917	20387.82951719047	0	-4.440892098500626e-16	0.0	2054.915001189298	0	0.4456107682273024	698.7900125382918	1.8268243925773844	6196.3463512148455	3100	0	0.0	0	310.0	0	0.2740236588866076	619.6346351214846	0	7200.0	1000.0	0	0	0.0	155.0	0	0	720.0	
123	2019-01-06 03:00:00	0	0	11960.295551322337	0	0	0.0	1196.0295551322338	0	0	0	1.6906048265536562	5980.147775661168	17378.081779377964	0	0.0	9.094947017729282e-13	1749.2135885157093	0	0.23521592811181175	598.0147775661169	1.878300554877826	6196.243398890244	3100	0	0.0	0	310.0	0	0.2817450832316739	619.6243398890244	0	5199.999999999999	1000.0	0	0	0.0	140.2	0	0	519.9999999999999	
124	2019-01-06 04:00:00	0	0	9968.363544387867	0	0	0.0	996.8363544387867	0	0	0	1.779777658041071	4984.181772193933	14382.13577721832	0	0.0	0.0	1434.0393983973847	0	0.15425652960566835	498.4181772193933	1.9128863168258587	6196.1742273663485	3100	0	0.0	0	310.0	0	0.2869329475238788	619.6174227366349	0	3199.999999999999	1000.0	0	0	0.0	85.5	0	0	319.99999999999994	
125	2019-01-06 05:00:00	0	0	4014.1853078232293	0	0	0.0	401.41853078232293	0	0	0	0.7610777390203767	4014.1853078232293	4014.94638556225	0	0.0	0.0	391.5423327724579	0	0.056318690994064065	401.41853078232293	0	3100.0	3100	0	0	0	310.0	0	0	310.0	0	600.0	600.0	0	0	400.0	41.04	0	0	60.0	
126	2019-01-06 06:00:00	0	0	3408.625268053233	0	0	0.0	340.86252680532334	0	0	0	0.3458168855170783	3408.625268053233	3408.97108493875	0	-5.551115123125783e-17	0.0	330.6701655824024	0	0.027300835689880683	340.86252680532334	0	3100.0	3100	0	0	0	310.0	0	0	310.0	0.0	0	0	0	0	1000.0	0	0	0.0	0	
127	2019-01-06 07:00:00	0	0	3392.6687611023367	0	0	0.0	339.2668761102337	0	0	0	0.29188051026302386	3392.6687611023367	3392.9606416126	0	0.0	0.0	335.57546401278	0	0.026394491166930635	339.2668761102337	0	3100.0	3100	0	0	0	310.0	0	0	310.0	0.0	0	0	0	0	1000.0	0	0	0.0	0	
128	2019-01-06 08:00:00	0	0	3390.7156843854896	0	0	0.0	339.071568438549	0	0	0	0.2804987853104136	3390.7156843854896	3390.9961831707997	0	0.0	0.0	354.3478183152299	0	0.0356823497230259	339.071568438549	0	3100.0	3100	0	0	0	310.0	0	0	310.0	0.0	0	0	0	0	1000.0	0	0	0.0	0	
129	2019-01-06 09:00:00	0	0	3415.133291838993	0	0	0.0	341.5133291838993	0	0	0	2.8511037244466957	3415.133291838993	3417.9843955634396	0	0.0	0.0	351.54251869035585	0	0.36932831576098596	341.5133291838993	0.4901048162468086	3099.550436935602	3100.040541751849	0	0.0	0.0	310.00405417518493	0	0.07351572243702129	309.95504369356024	0.0	0	0	0	0	1000.0	0	0	0.0	0	
130	2019-01-06 10:00:00	0	0	3447.738000326886	0	0	0.0	344.7738000326886	0	0	0	1.0655306444986798	3447.738000326886	3448.8035309713846	0	0.0	0.0	356.45523594583955	0	0.11835129434450181	344.7738000326886	0	3100.162481311716	3100.162481311716	0	0	0.0	310.0162481311716	0	0	310.0162481311716	0.0	0	0	0	0	1000.0	0	0	0.0	0	
131	2019-01-06 11:00:00	0	0	3449.928495569732	0	0	0.0	344.9928495569732	0	0	0	3.6866617698475137	3449.928495569732	3453.6151573395796	0	0.0	4.547473508864641e-13	354.57484133286204	0	0.45831859867182756	344.9928495569732	0	3100.6141765386574	3100.6141765386574	0	0	4.547473508864641e-13	310.06141765386576	0	0	310.06141765386576	0.0	0	0	0	0	1000.0	0	0	0.0	0	
132	2019-01-06 12:00:00	0	0	3454.3250465067235	0	0	0.0	345.4325046506724	0	0	0	13.41735692513154	3454.3250465067235	3467.742403431855	0	1.7763568394002505e-15	4.547473508864641e-13	362.93841174575823	0	1.9937420004454878	345.4325046506724	0	3101.2079045073046	3101.2079045073046	0	0	4.547473508864641e-13	310.12079045073045	0	0	310.1207904507305	0.0	0	0	0	0	1000.0	0	0	0.0	0	
133	2019-01-06 13:00:00	0	0	3505.811645645947	0	0	0.0	350.5811645645947	0	0	0	3.774539750081114	3505.811645645947	3509.5861853960278	0	0.0	0.0	369.49508557307786	0	0.5581436789432199	350.5811645645947	0	3101.2939599890906	3101.2939599890906	0	0	0.0	310.12939599890905	0	0	310.1293959989091	0.0	0	0	0	0	1000.0	0	0	0.0	0	
134	2019-01-06 14:00:00	0	0	3528.1977340234725	0	0	0.0	352.81977340234727	0	0	0	2.3330354629689602	3528.1977340234725	3530.5307694864405	0	4.440892098500626e-16	0.0	362.24232940470847	0	0.43867513868661673	352.81977340234727	0	3101.126449109605	3101.126449109605	0	0	0.0	310.1126449109605	0	0	310.1126449109605	0.0	0	0	0	0	1000.0	0	0	0.0	0	
135	2019-01-06 15:00:00	0	0	3543.618417922438	0	0	0.0	354.3618417922438	0	0	0	0.8587745393581376	3543.618417922438	3544.477192461796	0	0.0	4.547473508864641e-13	364.82913274289945	0	0.14453369070509287	354.3618417922438	0	3100.827043029325	3100.827043029325	0	0	4.547473508864641e-13	310.0827043029325	0	0	310.08270430293254	0.0	0	0	0	0	1000.0	0	0	0.0	0	
136	2019-01-06 16:00:00	0	0	3569.8918714940946	0	0	0.0	356.9891871494095	0	0	0	2.3055973643238037	3569.8918714940946	3572.1974688584182	0	0.0	0.0	365.1178828645029	0	0.28682582746490803	356.9891871494095	3.9347437370028873	3096.4061448426964	3100.3408885796994	0	0.0	0.0	310.03408885796995	0	0.5902115605504331	309.6406144842697	0.0	0	0	0	0	1000.0	0	0	0.0	0	
137	2019-01-06 17:00:00	0	0	3588.7894321976883	0	0	0.0	358.87894321976887	0	0	0	0.5263958392270413	3588.7894321976883	3589.3158280369153	0	-1.1102230246251565e-16	4.547473508864641e-13	368.9788469684215	0	0.07343589623648558	358.87894321976887	0.7946190230846851	3099.205380976915	3099.9999999999995	0	0.0	4.547473508864641e-13	309.99999999999994	0	0.11919285346270277	309.9205380976915	0.0	0	0	0	0	1000.0	0	0	0.0	0	
138	2019-01-06 18:00:00	0	0	3566.493795722265	0	0	0.0	356.6493795722265	0	0	0	3.071742416288944	3566.493795722265	3569.565538138554	0	0.0	0.0	394.17732316939146	0	0.5521072202763913	356.6493795722265	1.5834410454456562	3098.416558954554	3100	0	0.0	0	310.0	0	0.23751615681684843	309.84165589545546	0.0	0	0	0	0	1000.0	0	0	0.0	0	
139	2019-01-06 19:00:00	0	0	3547.9032162650997	0	0	0.0	354.79032162651	0	0	0	1.572247829811668	3547.9032162650997	3549.4754640949113	0	0.0	0.0	409.15261005850806	0	0.3429404277841335	354.79032162651	1.4818041997388944	3098.5181958002613	3100	0	0.0	0	310.0	0	0.22227062996083416	309.85181958002613	0.0	0	0	0	0	1000.0	0	0	0.0	0	
140	2019-01-06 20:00:00	0	0	3516.4449651996056	0	0	0.0	351.64449651996057	0	0	0	1.553784999470102	3516.4449651996056	3517.998750199076	0	4.440892098500626e-16	0.0	400.34387792693906	0	0.32329620910485973	351.64449651996057	1.5691228089741074	3098.430877191026	3100	0	0.0	0	310.0	0	0.2353684213461161	309.84308771910264	0.0	0	0	0	0	1000.0	0	0	0.0	0	
141	2019-01-06 21:00:00	0	0	3481.8803675957834	0	0	0.0	348.1880367595784	0	0	0	2.763425613688015	3481.8803675957834	3484.6437932094714	0	-4.440892098500626e-16	0.0	389.31916372855613	0	0.5627914708493167	348.1880367595784	2.6053480948785985	3097.3946519051215	3100	0	0.0	0	310.0	0	0.39080221423178985	309.7394651905122	0.0	0	0	0	0	1000.0	0	0	0.0	0	
142	2019-01-06 22:00:00	0	0	3460.6643637853235	0	0	0.0	346.0664363785324	0	0	0	3.096568597040452	3460.6643637853235	3463.760932382364	0	0.0	0.0	393.18654171306054	0	0.6830879107671302	346.0664363785324	1.6602110588862455	3098.339788941114	3100	0	0.0	0	310.0	0	0.24903165883293682	309.8339788941114	0.0	0	0	0	0	1000.0	0	0	0.0	0	
143	2019-01-06 23:00:00	0	0	3439.36708315992	0	0	0.0	343.93670831599206	0	0	0	3.9146646692308193	3439.36708315992	3443.281747829151	0	0.0	0.0	380.449372850835	0	0.7979095947816788	343.93670831599206	1.7153683878492831	3098.284631612151	3100	0	0.0	0	310.0	0	0.25730525817739247	309.8284631612151	0.0	0	0	0	0	1000.0	0	0	0.0	0	
144	2019-01-07 00:00:00	0	0	18050.095751829092	0	0	0.0	1805.0095751829094	0	0	0	3.451203462556739	9025.047875914546	26424.98448186691	0	0.0	0.0	2675.524085999911	0	0.5491071772632387	902.5047875914547	1.757298755096123	6196.485402489808	3100	0	0.0	0	310.0	0	0.2635948132644184	619.6485402489808	0	11200.0	1000.0	0	0	0.0	200.0	0	0	1120.0	
145	2019-01-07 01:00:00	0	0	16060.63947890036	0	0	0.0	1606.0639478900362	0	0	0	2.9606582854577446	8030.31973945018	23429.716810471316	0	0.0	0.0	2366.526553100288	0	0.4226779716357133	803.0319739450181	1.7817936321614776	6196.436412735677	3100	0	0.0	0	310.0	0	0.26726904482422165	619.6436412735677	0	9200.0	1000.0	0	0	0.0	170.3	0	0	920.0	
146	2019-01-07 02:00:00	0	0	14137.528208507054	0	0	0.0	1413.7528208507056	0	0	0	3.621882685285256	7068.764104253527	20468.768077792534	0	0.0	0.0	2067.457529562411	0	0.45163129257721385	706.8764104253528	1.808954573138138	6196.382090853724	3100	0	0.0	0	310.0	0	0.2713431859707207	619.6382090853724	0	7200.0	1000.0	0	0	0.0	155.0	0	0	720.0	
147	2019-01-07 03:00:00	0	0	12111.697578176267	0	0	0.0	1211.1697578176268	0	0	0	1.699594222429332	6055.848789088133	17453.875216262888	0	0.0	0.0	1759.834797293032	0	0.23611486769937934	605.5848789088134	1.8365835238369785	6196.326832952326	3100	0	0.0	0	310.0	0	0.27548752857554676	619.6326832952327	0	5199.999999999999	1000.0	0	0	0.0	140.2	0	0	519.9999999999999	
148	2019-01-07 04:00:00	0	0	10081.127161068254	0	0	0.0	1008.1127161068255	0	0	0	1.740935565460997	5040.563580534127	14438.602590278364	0	0.0	0.0	1438.8700045821886	0	0.15093553069007204	504.05635805341274	1.8509629106116994	6196.298074178777	3100	0	0.0	0	310.0	0	0.2776444365917549	619.6298074178777	0	3199.999999999999	1000.0	0	0	0.0	85.5	0	0	319.99999999999994	
149	2019-01-07 05:00:00	0	0	4039.3070447832447	0	0	0.0	403.9307044783245	0	0	0	1.3071508430051846	4039.3070447832447	4040.61419562625	0	0.0	0.0	393.29801098083556	0	0.09480635094531034	403.9307044783245	0	3100.0	3100	0	0	0	310.0	0	0	310.0	0	600.0	600.0	0	0	400.0	41.04	0	0	60.0	
150	2019-01-07 06:00:00	0	0	3426.0438479055156	0	0	0.0	342.6043847905516	0	0	0	0.7147439034841072	3426.0438479055156	3426.758591809	0	-1.1102230246251565e-16	0.0	331.8601497920221	0	0.050791857177935454	342.6043847905516	0	3100.0	3100	0	0	0	310.0	0	0	310.0	0.0	0	0	0	0	1000.0	0	0	0.0	0	
151	2019-01-07 07:00:00	0	0	3407.0918013420815	0	0	0.0	340.70918013420817	0	0	0	0.3637956772684298	3407.0918013420815	3407.45559701935	0	0.0	0.0	336.84087361978925	0	0.033586007867471235	340.70918013420817	0	3100.0	3100	0	0	0	310.0	0	0	310.0	0.0	0	0	0	0	1000.0	0	0	0.0	0	
152	2019-01-07 08:00:00	0	0	3391.620868081061	0	0	0.0	339.1620868081061	0	0	0	0.20425685468895116	3391.620868081061	3391.82512493575	0	0.0	0.0	354.47414904020826	0	0.025005168184085838	339.1620868081061	0	3100.0	3100	0	0	0	310.0	0	0	310.0	0.0	0	0	0	0	1000.0	0	0	0.0	0	
153	2019-01-07 09:00:00	0	0	3385.067205735656	0	0	0.0	338.50672057356564	0	0	0	0.5434245564401438	3385.067205735656	3385.610630292096	0	-1.1102230246251565e-16	0.0	347.3118773602369	0	0.06491958576757788	338.50672057356564	0.4901048162468086	3099.636305748724	3100.126410564971	0	0.0	0.0	310.0126410564971	0	0.07351572243702129	309.96363057487247	0.0	0	0	0	0	1000.0	0	0	0.0	0	
154	2019-01-07 10:00:00	0	0	3382.055849190481	0	0	0.0	338.2055849190481	0	0	0	0.4970353225230796	3382.055849190481	3382.552884513004	0	0.0	0.0	347.62091460917094	0	0.06053459404169795	338.2055849190481	0	3100.455711083166	3100.455711083166	0	0	0.0	310.0455711083166	0	0	310.0455711083166	0.0	0	0	0	0	1000.0	0	0	0.0	0	
155	2019-01-07 11:00:00	0	0	3389.5003376446334	0	0	0.0	338.95003376446334	0	0	0	0.9432847385859331	3389.5003376446334	3390.4436223832195	0	0.0	0.0	346.6031903444408	0	0.10487081159437794	338.95003376446334	0	3100.833350118132	3100.833350118132	0	0	0.0	310.0833350118132	0	0	310.08333501181323	0.0	0	0	0	0	1000.0	0	0	0.0	0	
156	2019-01-07 12:00:00	0	0	3406.359616513247	0	0	0.0	340.63596165132475	0	0	0	0.822481087211872	3406.359616513247	3407.182097600459	0	0.0	4.547473508864641e-13	354.21179307294585	0	0.13811730661579144	340.63596165132475	0	3101.205151729712	3101.205151729712	0	0	4.547473508864641e-13	310.1205151729712	0	0	310.1205151729712	0.0	0	0	0	0	1000.0	0	0	0.0	0	
157	2019-01-07 13:00:00	0	0	3410.4846165033746	0	0	0.0	341.04846165033746	0	0	0	0.7736259709634575	3410.4846165033746	3411.258242474338	0	0.0	0.0	355.2023294770645	0	0.1291731306816912	341.04846165033746	0	3101.203061204941	3101.203061204941	0	0	0.0	310.1203061204941	0	0	310.12030612049415	0.0	0	0	0	0	1000.0	0	0	0.0	0	
158	2019-01-07 14:00:00	0	0	3396.1517937237086	0	0	0.0	339.6151793723709	0	0	0	1.9209655072265612	3396.1517937237086	3398.0727592309354	0	2.220446049250313e-16	0.0	346.1638057388018	0	0.35473465329973997	339.6151793723709	0	3101.038655693163	3101.038655693163	0	0	0.0	310.1038655693163	0	0	310.1038655693163	0.0	0	0	0	0	1000.0	0	0	0.0	0	
159	2019-01-07 15:00:00	0	0	3381.3141722056084	0	0	0.0	338.1314172205609	0	0	0	2.0889289097692467	3381.3141722056084	3383.403101115378	0	0.0	0.0	344.9551206631705	0	0.37345656511042113	338.1314172205609	0	3100.7188895071426	3100.7188895071426	0	0	0.0	310.07188895071425	0	0	310.0718889507143	0.0	0	0	0	0	1000.0	0	0	0.0	0	
160	2019-01-07 16:00:00	0	0	3384.75696003687	0	0	0.0	338.47569600368706	0	0	0	2.5348349912888537	3384.75696003687	3387.291795028159	0	8.881784197001252e-16	0.0	343.54917054155686	0	0.42301341470961096	338.47569600368706	3.4387336076640627	3096.930889079909	3100.369622687573	0	0.0	0.0	310.0369622687573	0	0.5158100411496094	309.6930889079909	0.0	0	0	0	0	1000.0	0	0	0.0	0	
161	2019-01-07 17:00:00	0	0	3390.2448814908794	0	0	0.0	339.024488149088	0	0	0	1.257806672859928	3390.2448814908794	3391.502688163739	0	2.220446049250313e-16	0.0	345.13969005709765	0	0.2065942909325704	339.024488149088	0.6642016276608547	3099.335798372339	3100	0	0.0	0	310.0	0	0.0996302441491282	309.93357983723394	0.0	0	0	0	0	1000.0	0	0	0.0	0	
162	2019-01-07 18:00:00	0	0	3373.554233159645	0	0	0.0	337.3554233159645	0	0	0	3.9037653377542947	3373.554233159645	3377.4579984973993	0	0.0	0.0	359.77252133714177	0	0.7221823823182784	337.3554233159645	1.3612608368009174	3098.6387391631993	3100	0	0.0	0	310.0	0	0.2041891255201376	309.86387391631996	0.0	0	0	0	0	1000.0	0	0	0.0	0	
163	2019-01-07 19:00:00	0	0	3372.9403022578217	0	0	0.0	337.2940302257822	0	0	0	0.9712030007512094	3372.9403022578217	3373.911505258573	0	1.1102230246251565e-16	0.0	370.4690608053868	0	0.20350851035416329	337.2940302257822	1.2790960686270998	3098.720903931373	3100	0	0.0	0	310.0	0	0.19186441029406495	309.87209039313734	0.0	0	0	0	0	1000.0	0	0	0.0	0	
164	2019-01-07 20:00:00	0	0	3379.528127003681	0	0	0.0	337.95281270036816	0	0	0	1.751117060126971	3379.528127003681	3381.279244063808	0	2.220446049250313e-16	0.0	370.8295490530914	0	0.3569693231279155	337.95281270036816	1.3622827011918048	3098.637717298808	3100	0	0.0	0	310.0	0	0.20434240517877073	309.86377172988085	0.0	0	0	0	0	1000.0	0	0	0.0	0	
165	2019-01-07 21:00:00	0	0	3383.638953893884	0	0	0.0	338.3638953893884	0	0	0	2.9806133692429184	3383.638953893884	3386.619567263126	0	0.0	0.0	369.15409531378555	0	0.6063358377148925	338.3638953893884	2.40544304467371	3097.5945569553264	3100	0	0.0	0	310.0	0	0.36081645670105644	309.75945569553267	0.0	0	0	0	0	1000.0	0	0	0.0	0	
166	2019-01-07 22:00:00	0	0	3395.549926240611	0	0	0.0	339.55499262406113	0	0	0	3.721884803347478	3395.549926240611	3399.2718110439587	0	4.440892098500626e-16	4.547473508864641e-13	378.45168526959515	0	0.8100612119311604	339.55499262406113	1.4659263892911625	3098.534073610708	3099.9999999999995	0	0.0	4.547473508864641e-13	309.99999999999994	0	0.21988895839367437	309.8534073610708	0.0	0	0	0	0	1000.0	0	0	0.0	0	
167	2019-01-07 23:00:00	0	0	3407.6570158990817	0	0	0.0	340.7657015899082	0	0	0	3.865776184862164	3407.6570158990817	3411.522792083944	0	0.0	0.0	373.92848243388005	0	0.788451374119419	340.7657015899082	1.5259493247062001	3098.4740506752937	3100	0	0.0	0	310.0	0	0.22889239870593	309.8474050675294	0.0	0	0	0	0	1000.0	0	0	0.0	0	
