[1633.0353769963308, 0
 1690.9817935994265,  1
 1664.6425133252924,  2
 1569.8211043384085,  3
 1543.4818240642742,  4
 1548.749680119101,  5
 1673.786088129305,   6
 1737.0003607872275,  7
 1970.1781645052508,  8
 1755.5882035629902,  9
 1439.5168402733775,  10
 1155.0526133127264,  11
 1049.695492216189,   12
 960.1419392841321,   13 
 902.1955226810364,   14
 881.1240984617291,   15
 881.1240984617291,   16
 1021.9640746364134,  17
 841.4648314666589,   18
 830.929119357005,    19
 836.196975411832,    20 
 825.6612633021782,   21
 799.3219830280439,   22
 684.8212871274936]   23









****************************************************
[1348.5711500356797, 0
 1327.4997258163721,  1
 1327.4997258163721,  2
 1385.4461424194678,  3
 1448.6604150773906,  4
 1564.5532482835815,  5
 1747.5360728968813,  6
 1705.393224458266,   7
 1864.8210434087132,  8
 1571.2132416440495,  9
 1297.284726793052,   10
 1112.9097648741115,  11
 975.9455074486127,   12
 896.9276666262095,   13 
 849.5169621327677,   14
 844.249106077941,    15
 886.3919545165559,   16
 1085.1783472943362,  17
 1004.7683691662919,  18
 1125.9290584273099,  19
 1204.9468992497132,  20
 1299.768308236597,   21
 1389.3218611686539,  22
 1327.4997258163721]  23
