simulation_time	physical_time	Enedis.energy_sold_inside	Enedis.energy_sold_outside	Enedis.energy_bought_inside	Enedis.energy_bought_outside	Enedis.energy_erased_consumption	Enedis.energy_erased_production	Enedis.money_spent_inside	Enedis.money_spent_outside	Enedis.money_earned_inside	Enedis.money_earned_outside	general_aggregator.energy_sold_inside	general_aggregator.energy_sold_outside	general_aggregator.energy_bought_inside	general_aggregator.energy_bought_outside	general_aggregator.energy_erased_consumption	general_aggregator.energy_erased_production	general_aggregator.money_spent_inside	general_aggregator.money_spent_outside	general_aggregator.money_earned_inside	general_aggregator.money_earned_outside	Local_DHN.energy_sold_inside	Local_DHN.energy_sold_outside	Local_DHN.energy_bought_inside	Local_DHN.energy_bought_outside	Local_DHN.energy_erased_consumption	Local_DHN.energy_erased_production	Local_DHN.money_spent_inside	Local_DHN.money_spent_outside	Local_DHN.money_earned_inside	Local_DHN.money_earned_outside	gas_aggregator.energy_sold_inside	gas_aggregator.energy_sold_outside	gas_aggregator.energy_bought_inside	gas_aggregator.energy_bought_outside	gas_aggregator.energy_erased_consumption	gas_aggregator.energy_erased_production	gas_aggregator.money_spent_inside	gas_aggregator.money_spent_outside	gas_aggregator.money_earned_inside	gas_aggregator.money_earned_outside	
0	2019-01-01 00:00:00	0	0	6711.249523322536	0	0	0.0	671.1249523322537	0	0	0	0.6705412018077106	6711.249523322536	6711.920064524343	0	0.0	0.0	682.4457331365693	0	0.1242199048982988	671.1249523322537	3.6172023170062975	6599.382797682993	6603.0	0	0.0	0.0	660.3	0	0.5425803475509446	659.9382797682994	0	0	0	0	0	2130.0	0	0	0.0	0	
1	2019-01-01 02:07:48	0	0	6697.3961853805	0	0	0.0	669.7396185380501	0	0	0	1.3206622139337354	6697.3961853805	6698.7168475944345	0	2.220446049250313e-16	0.0	675.2928175236335	0	0.16564371807991785	669.7396185380501	2.849202663565472	6600.150797336434	6603.0	0	0.0	0.0	660.3	0	0.42738039953482077	660.0150797336435	0	0	0	0	0	2130.0	0	0	0.0	0	
2	2019-01-01 04:15:36	0	0	6696.765672977187	0	0	0.0	669.6765672977187	0	0	0	0.8330714548392167	6696.765672977187	6697.598744432026	0	0.0	0.0	668.3399866519037	0	0.0748773041142774	669.6765672977187	3.3245515196236433	6599.675448480376	6603.0	0	0.0	0.0	660.3	0	0.49868272794354646	659.9675448480376	0	0	0	0	0	2130.0	0	0	0.0	0	
3	2019-01-01 06:23:24	0	0	6706.971263592977	0	0	0.0	670.6971263592977	0	0	0	1.5824116902412375	6706.971263592977	6708.553675283219	0	2.220446049250313e-16	0.0	667.2479036716949	0	0.14156922249532286	670.6971263592977	3.4331481798313854	6599.566851820168	6603.0	0	0.0	0.0	660.3	0	0.5149722269747078	659.9566851820168	0	0	0	0	0	2130.0	0	0	0.0	0	
4	2019-01-01 08:31:12	0	0	6716.476873758071	0	0	0.0	671.6476873758071	0	0	0	0.752166891958135	6716.476873758071	6717.229040650028	0	0.0	0.0	677.8949875679144	0	0.10568039180059702	671.6476873758071	3.5588124589689003	6599.4411875410315	6603.0	0	0.0	0.0	660.3	0	0.533821868845335	659.9441187541032	0	0	0	0	0	2130.0	0	0	0.0	0	
5	2019-01-01 10:39:00	0	0	6710.698383371731	0	0	0.0	671.0698383371732	0	0	0	2.5299038935339047	6710.698383371731	6713.228287265265	0	0.0	9.094947017729282e-13	674.9681543287707	0	0.2713246511427805	671.0698383371732	0	6603.4293233422495	6603.4293233422495	0	0	9.094947017729282e-13	660.3429323342249	0	0	660.342932334225	0	0	0	0	0	2130.0	0	0	0.0	0	
6	2019-01-01 12:46:48	0	0	6660.3688636573515	0	0	0.0	666.0368863657352	0	0	0	35.866652757562065	6660.3688636573515	6696.235516414914	0	0.0	0.0	673.8330536213591	0	5.196525067213909	666.0368863657352	3.3289789703171437	6600.781956780726	6604.110935751043	0	0.0	0.0	660.4110935751042	0	0.4993468455475715	660.0781956780727	0	0	0	0	0	2130.0	0	0	0.0	0	
7	2019-01-01 14:54:36	0	0	6726.777545837843	0	0	0.0	672.6777545837843	0	0	0	0.8908424137088912	6726.777545837843	6727.668388251552	0	-1.1102230246251565e-16	9.094947017729282e-13	675.4234927778323	0	0.1251058654041341	672.6777545837843	0.4738339606260953	6603.5256801825235	6603.99951414315	0	0.0	9.094947017729282e-13	660.399951414315	0	0.07107509409391428	660.3525680182524	0	0	0	0	0	2130.0	0	0	0.0	0	
8	2019-01-01 17:02:24	0	0	6683.938929881788	0	0	0.0	668.3938929881788	0	0	0	0.6586672968546639	6683.938929881788	6684.597597178642	0	0.0	0.0	670.1673606562689	0	0.08937460688061409	668.3938929881788	1.7000095728078244	6601.299990427192	6603.0	0	0.0	0.0	660.3	0	0.25500143592117364	660.1299990427192	0	0	0	0	0	2130.0	0	0	0.0	0	
9	2019-01-01 19:10:12	0	0	6683.894849379953	0	0	0.0	668.3894849379953	0	0	0	0.6406885051033123	6683.894849379953	6684.535537885055	0	-1.1102230246251565e-16	0.0	678.5126224126983	0	0.1389005792634856	668.3894849379953	2.150557158144075	6600.849442841856	6603.0	0	0.0	0.0	660.3	0	0.3225835737216113	660.0849442841857	0	0	0	0	0	2130.0	0	0	0.0	0	
10	2019-01-01 21:18:00	0	0	6689.356451661568	0	0	0.0	668.9356451661569	0	0	0	0.9179669126927922	6689.356451661568	6690.27441857426	0	-1.1102230246251565e-16	0.0	678.5186211685539	0	0.1877522503666769	668.9356451661569	2.6893663653403497	6600.31063363466	6603.0	0	0.0	0.0	660.3	0	0.40340495480105243	660.031063363466	0	0	0	0	0	2130.0	0	0	0.0	0	
11	2019-01-01 23:25:48	0	0	6721.662950129997	0	0	0.0	672.1662950129997	0	0	0	2.2978194152338896	6721.662950129997	6723.9607695452305	0	0.0	0.0	685.398108209376	0	0.4668146208066604	672.1662950129997	3.222910061769668	6599.77708993823	6603.0	0	0.0	0.0	660.3	0	0.48343650926545023	659.9777089938231	0	0	0	0	0	2130.0	0	0	0.0	0	
12	2019-01-02 01:33:36	0	0	6740.358133907595	0	0	0.0	674.0358133907596	0	0	0	1.8568549787355637	6740.358133907595	6742.214988886331	0	2.220446049250313e-16	9.094947017729282e-13	684.2707694923396	0	0.251131086282486	674.0358133907596	3.7333838548687908	6599.266616145131	6602.999999999999	0	0.0	9.094947017729282e-13	660.3	0	0.5600075782303185	659.9266616145131	0	0	0	0	0	2130.0	0	0	0.0	0	
13	2019-01-02 03:41:24	0	0	6759.22851122629	0	0	0.0	675.922851122629	0	0	0	1.7968137166832046	6759.22851122629	6761.025324942973	0	2.220446049250313e-16	0.0	682.6221790487089	0	0.21866690137238604	675.922851122629	4.1549376045772055	6598.845062395423	6603.0	0	0.0	0.0	660.3	0	0.6232406406865808	659.8845062395424	0	0	0	0	0	2130.0	0	0	0.0	0	
14	2019-01-02 05:49:12	0	0	6763.153316824763	0	0	0.0	676.3153316824764	0	0	0	1.6299567000356419	6763.153316824763	6764.7832735247985	0	4.440892098500626e-16	0.0	671.22491439322	0	0.13449829596581753	676.3153316824764	4.4639720214005445	6598.536027978599	6603.0	0	0.0	0.0	660.3	0	0.6695958032100816	659.8536027978599	0	0	0	0	0	2130.0	0	0	0.0	0	
15	2019-01-02 07:57:00	0	0	6741.864511673954	0	0	0.0	674.1864511673955	0	0	0	2.2160455551368132	6741.864511673954	6744.080557229091	0	0.0	0.0	672.556738422124	0	0.21138473339995367	674.1864511673955	4.692458580759354	6598.307541419241	6603.0	0	0.0	0.0	660.3	0	0.703868787113903	659.8307541419241	0	0	0	0	0	2130.0	0	0	0.0	0	
16	2019-01-02 10:04:48	0	0	6757.811924287138	0	0	0.0	675.7811924287139	0	0	0	1.9255003780378186	6757.811924287138	6759.737424665176	0	2.220446049250313e-16	0.0	681.1771842317333	0	0.21797686569829333	675.7811924287139	0	6603.007251014104	6603.007251014104	0	0	0.0	660.3007251014104	0	0	660.3007251014105	0	0	0	0	0	2130.0	0	0	0.0	0	
17	2019-01-02 12:12:36	0	0	6754.257628395101	0	0	0.0	675.4257628395102	0	0	0	4.719007116614237	6754.257628395101	6758.976635511715	0	8.881784197001252e-16	0.0	683.0751432364483	0	0.7915655304420725	675.4257628395102	6.85661983063438	6596.221994122218	6603.078613952853	0	0.0	0.0	660.3078613952853	0	1.028492974595157	659.6221994122219	0	0	0	0	0	2130.0	0	0	0.0	0	
18	2019-01-02 14:20:24	0	0	6770.620054872942	0	0	0.0	677.0620054872943	0	0	0	0.6520702300559226	6770.620054872942	6771.272125102997	0	0.0	0.0	680.7879476186408	0	0.08269415850792956	677.0620054872943	2.7966679666708054	6600.209736862762	6603.0064048294325	0	0.0	0.0	660.3006404829432	0	0.4195001950006208	660.0209736862762	0	0	0	0	0	2130.0	0	0	0.0	0	
19	2019-01-02 16:28:12	0	0	6720.366229303421	0	0	0.0	672.0366229303422	0	0	0	2.7787874303665023	6720.366229303421	6723.145016733788	0	0.0	0.0	674.3767549099574	0	0.3360020642372359	672.0366229303422	4.087105951661835	6598.912894048338	6603.0	0	0.0	0.0	660.3	0	0.6130658927492753	659.8912894048339	0	0	0	0	0	2130.0	0	0	0.0	0	
20	2019-01-02 18:36:00	0	0	6724.10022252196	0	0	0.0	672.4100222521961	0	0	0	0.696788262165395	6724.10022252196	6724.797010784126	0	-1.1102230246251565e-16	9.094947017729282e-13	682.4249724987507	0	0.12755675862844357	672.4100222521961	4.092500865724286	6598.907499134275	6602.999999999999	0	0.0	9.094947017729282e-13	660.3	0	0.6138751298586429	659.8907499134275	0	0	0	0	0	2130.0	0	0	0.0	0	
21	2019-01-02 20:43:48	0	0	6726.214653481022	0	0	0.0	672.6214653481022	0	0	0	0.6780883431447008	6726.214653481022	6726.8927418241665	0	-1.1102230246251565e-16	0.0	687.5534849472189	0	0.14428778640283846	672.6214653481022	4.5792613288327795	6598.420738671167	6603.0	0	0.0	0.0	660.3	0	0.6868891993249169	659.8420738671167	0	0	0	0	0	2130.0	0	0	0.0	0	
22	2019-01-02 22:51:36	0	0	6759.698941718342	0	0	0.0	675.9698941718343	0	0	0	0.6241519678906464	6759.698941718342	6760.323093686233	0	0.0	0.0	696.8125266995769	0	0.14034824768300452	675.9698941718343	4.895620841117079	6598.104379158883	6603.0	0	0.0	0.0	660.3	0	0.7343431261675618	659.8104379158883	0	0	0	0	0	2130.0	0	0	0.0	0	
23	2019-01-03 00:59:24	0	0	6758.668328977602	0	0	0.0	675.8668328977602	0	0	0	0.6870777390203766	6758.668328977602	6759.355406716622	0	0.0	0.0	692.0901262299424	0	0.12393145399056171	675.8668328977602	5.190448866177363	6597.809551133822	6603.0	0	0.0	0.0	660.3	0	0.7785673299266044	659.7809551133823	0	0	0	0	0	2130.0	0	0	0.0	0	
24	2019-01-03 03:07:12	0	0	6738.331334967711	0	0	0.0	673.8331334967711	0	0	0	0.6705412018077106	6738.331334967711	6739.001876169518	0	0.0	0.0	679.5836051500396	0	0.09003476563721721	673.8331334967711	5.37666942968215	6597.623330570318	6603.0	0	0.0	0.0	660.3	0	0.8065004144523225	659.7623330570318	0	0	0	0	0	2130.0	0	0	0.0	0	
25	2019-01-03 05:15:00	0	0	6762.242283039147	0	0	0.0	676.2242283039147	0	0	0	1.3206622139337354	6762.242283039147	6763.562945253081	0	2.220446049250313e-16	0.0	671.1101684827136	0	0.11277442329710445	676.2242283039147	5.453701664468659	6597.546298335531	6603.0	0	0.0	0.0	660.3	0	0.8180552496702989	659.7546298335532	0	0	0	0	0	2130.0	0	0	0.0	0	
26	2019-01-03 07:22:48	0	0	6833.112836680535	0	0	0.0	683.3112836680535	0	0	0	0.8330714548392167	6833.112836680535	6833.945908135374	0	0.0	0.0	680.3920250504692	0	0.07592376718085392	683.3112836680535	5.476592893625972	6597.523407106374	6603.0	0	0.0	0.0	660.3	0	0.8214889340438957	659.7523407106374	0	0	0	0	0	2130.0	0	0	0.0	0	
27	2019-01-03 09:30:36	0	0	6900.570458169227	0	0	0.0	690.0570458169227	0	0	0	1.5824116902412375	6900.570458169227	6902.152869859468	0	2.220446049250313e-16	0.0	699.3647197851434	0	0.17365390509002426	690.0570458169227	0	6603.151797990302	6603.151797990302	0	0	0.0	660.3151797990301	0	0	660.3151797990303	0	0	0	0	0	2130.0	0	0	0.0	0	
28	2019-01-03 11:38:24	0	0	6899.071830849619	0	0	0.0	689.907183084962	0	0	0	0.8458954343305125	6899.071830849619	6899.917726283949	0	0.0	0.0	697.9023714577526	0	0.10220957285433002	689.907183084962	7.1043944074170176	6596.82964853079	6603.934042938207	0	0.0	0.0	660.3934042938207	0	1.0656591611125525	659.682964853079	0	0	0	0	0	2130.0	0	0	0.0	0	
29	2019-01-03 13:46:12	0	0	6819.602661241558	0	0	0.0	681.9602661241559	0	0	0	2.623632435906282	6819.602661241558	6822.226293677464	0	0.0	0.0	692.1936200031998	0	0.4894567794393905	681.9602661241559	1.5239359933673329	6602.600949284218	6604.124885277585	0	0.0	0.0	660.4124885277585	0	0.22859039900509992	660.2600949284218	0	0	0	0	0	2130.0	0	0	0.0	0	
30	2019-01-03 15:54:00	0	0	6744.736705496927	0	0	0.0	674.4736705496928	0	0	0	1.0847745393581376	6744.736705496927	6745.821480036286	0	0.0	0.0	677.9731921367253	0	0.17242209070509287	674.4736705496928	2.5039821182052897	6600.905064091986	6603.409046210191	0	0.0	0.0	660.340904621019	0	0.37559731773079347	660.0905064091986	0	0	0	0	0	2130.0	0	0	0.0	0	
31	2019-01-03 18:01:48	0	0	6699.226598718111	0	0	0.0	669.9226598718111	0	0	0	0.7971138713365137	6699.226598718111	6700.023712589447	0	-1.1102230246251565e-16	9.094947017729282e-13	677.8853992115003	0	0.14721403849057652	669.9226598718111	2.761451366952255	6600.238548633047	6602.999999999999	0	0.0	9.094947017729282e-13	660.3	0	0.4142177050428382	660.0238548633047	0	0	0	0	0	2130.0	0	0	0.0	0	
32	2019-01-03 20:09:36	0	0	6694.55384104004	0	0	0.0	669.4553841040041	0	0	0	0.6586672968546639	6694.55384104004	6695.212508336895	0	0.0	0.0	680.6088132574391	0	0.14009866671807747	669.4553841040041	3.6177632599059764	6599.382236740094	6603.0	0	0.0	0.0	660.3	0	0.5426644889858965	659.9382236740095	0	0	0	0	0	2130.0	0	0	0.0	0	
33	2019-01-03 22:17:24	0	0	6701.235758550193	0	0	0.0	670.1235758550193	0	0	0	0.6406885051033123	6701.235758550193	6701.876447055296	0	-1.1102230246251565e-16	0.0	683.3610062060618	0	0.1431098237247877	670.1235758550193	3.9600986163027376	6599.039901383697	6603.0	0	0.0	0.0	660.3	0	0.5940147924454107	659.9039901383697	0	0	0	0	0	2130.0	0	0	0.0	0	
34	2019-01-04 00:25:12	0	0	6754.034864318352	0	0	0.0	675.4034864318353	0	0	0	0.9179669126927922	6754.034864318352	6754.952831231045	0	-1.1102230246251565e-16	0.0	691.1415988333895	0	0.1674124699623421	675.4034864318353	4.510325871804987	6598.489674128195	6603.0	0	0.0	0.0	660.3	0	0.676548880770748	659.8489674128195	0	0	0	0	0	2130.0	0	0	0.0	0	
35	2019-01-04 02:33:00	0	0	6766.018680776885	0	0	0.0	676.6018680776886	0	0	0	2.2978194152338896	6766.018680776885	6768.316500192119	0	0.0	0.0	686.2053511551541	0	0.31463100041563097	676.6018680776886	5.114429552280978	6597.885570447719	6603.0	0	0.0	0.0	660.3	0	0.7671644328421466	659.788557044772	0	0	0	0	0	2130.0	0	0	0.0	0	
36	2019-01-04 04:40:48	0	0	6752.477551162147	0	0	0.0	675.2477551162148	0	0	0	1.6946175751547528	6752.477551162147	6754.172168737302	0	0.0	0.0	673.1448101709988	0	0.15831546541605307	675.2477551162148	5.545534899347921	6597.454465100652	6603.0	0	0.0	0.0	660.3	0	0.8318302349021882	659.7454465100652	0	0	0	0	0	2130.0	0	0	0.0	0	
37	2019-01-04 06:48:36	0	0	6816.336085678506	0	0	0.0	681.6336085678506	0	0	0	1.3708137166832044	6816.336085678506	6817.706899395189	0	0.0	0.0	674.4708387745353	0	0.11908194596671416	681.6336085678506	5.832410725161176	6597.167589274839	6603.0	0	0.0	0.0	660.3	0	0.8748616087741764	659.716758927484	0	0	0	0	0	2130.0	0	0	0.0	0	
38	2019-01-04 08:56:24	0	0	6837.772511788011	0	0	0.0	683.7772511788012	0	0	0	1.2039567000356417	6837.772511788011	6838.9764684880465	0	0.0	0.0	696.2628137975785	0	0.14532840923071366	683.7772511788012	0	6603.0	6603.0	0	0	0.0	660.3	0	0	660.3000000000001	0	0	0	0	0	2130.0	0	0	0.0	0	
39	2019-01-04 11:04:12	0	0	6906.1748963976415	0	0	0.0	690.6174896397642	0	0	0	2.5363574763959424	6906.1748963976415	6908.7112538740375	0	4.440892098500626e-16	0.0	699.0541494522579	0	0.28299883029377176	690.6174896397642	8.694477161612904	6595.185427634416	6603.879904796028	0	0.0	0.0	660.3879904796028	0	1.3041715742419355	659.5185427634416	0	0	0	0	0	2130.0	0	0	0.0	0	
40	2019-01-04 13:12:00	0	0	6947.729980099492	0	0	0.0	694.7729980099493	0	0	0	2.019228920410196	6947.729980099492	6949.749209019902	0	0.0	0.0	710.7612830135095	0	0.356911795938377	694.7729980099493	2.2271839612202373	6602.031981893931	6604.259165855151	0	0.0	0.0	660.4259165855151	0	0.33407759418303556	660.2031981893931	0	0	0	0	0	2130.0	0	0	0.0	0	
41	2019-01-04 15:19:48	0	0	6956.825019280246	0	0	0.0	695.6825019280246	0	0	0	2.722672101895589	6956.825019280246	6959.547691382141	0	0.0	0.0	704.3634368580006	0	0.48884421211895684	695.6825019280246	3.5712735224511487	6600.202917032295	6603.774190554746	0	0.0	0.0	660.3774190554745	0	0.5356910283676722	660.0202917032295	0	0	0	0	0	2130.0	0	0	0.0	0	
42	2019-01-04 17:27:36	0	0	6946.770243936913	0	0	0.0	694.6770243936913	0	0	0	0.5583416876835452	6946.770243936913	6947.328585624597	0	0.0	0.0	701.8657012619633	0	0.0708534582264483	694.6770243936913	3.6149606926539555	6599.385039307346	6603.0	0	0.0	0.0	660.3	0	0.5422441038980933	659.9385039307347	0	0	0	0	0	2130.0	0	0	0.0	0	
43	2019-01-04 19:35:24	0	0	6921.467052209773	0	0	0.0	692.1467052209773	0	0	0	0.7154881811860893	6921.467052209773	6922.182540390959	0	0.0	0.0	731.1072683708745	0	0.15464512475015849	692.1467052209773	4.35335255229181	6598.646647447708	6603.0	0	0.0	0.0	660.3	0	0.6530028828437714	659.8646647447708	0	0	0	0	0	2130.0	0	0	0.0	0	
44	2019-01-04 21:43:12	0	0	6904.306022332774	0	0	0.0	690.4306022332775	0	0	0	0.696788262165395	6904.306022332774	6905.00281059494	0	-1.1102230246251565e-16	0.0	722.848650564374	0	0.14244836271524544	690.4306022332775	4.616805565060541	6598.3831944349395	6603.0	0	0.0	0.0	660.3	0	0.6925208347590811	659.838319443494	0	0	0	0	0	2130.0	0	0	0.0	0	
45	2019-01-04 23:51:00	0	0	6896.005774732395	0	0	0.0	689.6005774732396	0	0	0	0.6780883431447008	6896.005774732395	6896.68386307554	0	-1.1102230246251565e-16	0.0	720.9430978839521	0	0.1382131815931008	689.6005774732396	5.023983881459695	6597.97601611854	6603.0	0	0.0	0.0	660.3	0	0.7535975822189542	659.7976016118541	0	0	0	0	0	2130.0	0	0	0.0	0	
46	2019-01-05 01:58:48	0	0	6900.576741280525	0	0	0.0	690.0576741280526	0	0	0	0.6241519678906464	6900.576741280525	6901.200893248416	0	0.0	0.0	711.4520837339298	0	0.10123744389129705	690.0576741280526	5.241416980434231	6597.758583019566	6603.0	0	0.0	0.0	660.3	0	0.7862125470651345	659.7758583019566	0	0	0	0	0	2130.0	0	0	0.0	0	
47	2019-01-05 04:06:36	0	0	6934.117323246017	0	0	0.0	693.4117323246018	0	0	0	0.6870777390203766	6934.117323246017	6934.804400985036	0	0.0	0.0	688.5912241645146	0	0.06070034028920168	693.4117323246018	5.382904807313036	6597.617095192687	6603.0	0	0.0	0.0	660.3	0	0.8074357210969554	659.7617095192687	0	0	0	0	0	2130.0	0	0	0.0	0	
48	2019-01-05 06:14:24	0	0	6922.7070319992745	0	0	0.0	692.2707031999275	0	0	0	0.5583416876835452	6922.7070319992745	6923.265373686958	0	0.0	0.0	681.5452996231718	0	0.038840803923453515	692.2707031999275	5.4517787457929945	6597.548221254207	6603.0	0	0.0	0.0	660.3	0	0.8177668118689492	659.7548221254208	0	0	0	0	0	2130.0	0	0	0.0	0	
49	2019-01-05 08:22:12	0	0	6913.402098138165	0	0	0.0	691.3402098138165	0	0	0	0.7154881811860893	6913.402098138165	6914.11758631935	0	0.0	0.0	707.7143201550691	0	0.10150368931059348	691.3402098138165	0	6603.0	6603.0	0	0	0.0	660.3	0	0	660.3000000000001	0	0	0	0	0	2130.0	0	0	0.0	0	
50	2019-01-05 10:30:00	0	0	6945.625583198524	0	0	0.0	694.5625583198524	0	0	0	0.7905168045377725	6945.625583198524	6946.416100003061	0	0.0	0.0	706.3104267943419	0	0.1008201192183448	694.5625583198524	8.593590558318084	6594.945714640539	6603.539305198858	0	0.0	0.0	660.3539305198857	0	1.2890385837477125	659.4945714640539	0	0	0	0	0	2130.0	0	0	0.0	0	
51	2019-01-05 12:37:48	0	0	6940.602879817598	0	0	0.0	694.0602879817598	0	0	0	0.7718168855170783	6940.602879817598	6941.374696703115	0	-1.1102230246251565e-16	0.0	709.1536953941329	0	0.11825391441531483	694.0602879817598	3.2214123627287847	6600.870712035965	6604.092124398694	0	0.0	0.0	660.4092124398694	0	0.4832118544093177	660.0870712035966	0	0	0	0	0	2130.0	0	0	0.0	0	
52	2019-01-05 14:45:36	0	0	6916.239314389861	0	0	0.0	691.6239314389861	0	0	0	0.6241519678906464	6916.239314389861	6916.863466357751	0	0.0	9.094947017729282e-13	698.471579694226	0	0.08142458102854938	691.6239314389861	4.189385493214852	6599.796501009581	6603.985886502796	0	0.0	9.094947017729282e-13	660.3985886502796	0	0.6284078239822277	659.9796501009582	0	0	0	0	0	2130.0	0	0	0.0	0	
53	2019-01-05 16:53:24	0	0	6937.948202009662	0	0	0.0	693.7948202009662	0	0	0	0.6870777390203766	6937.948202009662	6938.6352797486825	0	0.0	0.0	699.4922232695802	0	0.09135899861024627	693.7948202009662	3.748161698440489	6599.557249946761	6603.305411645201	0	0.0	0.0	660.3305411645201	0	0.5622242547660733	659.9557249946761	0	0	0	0	0	2130.0	0	0	0.0	0	
54	2019-01-05 19:01:12	0	0	6979.121554879353	0	0	0.0	697.9121554879354	0	0	0	0.6705412018077106	6979.121554879353	6979.79209608116	0	0.0	0.0	743.8034547136813	0	0.14565572887448275	697.9121554879354	4.441224264639021	6598.5587757353605	6603.0	0	0.0	0.0	660.3	0	0.6661836396958531	659.8558775735361	0	0	0	0	0	2130.0	0	0	0.0	0	
55	2019-01-05 21:09:00	0	0	6971.803354212464	0	0	0.0	697.1803354212465	0	0	0	1.3206622139337354	6971.803354212464	6973.124016426398	0	2.220446049250313e-16	0.0	736.8791483290389	0	0.2674901924554015	697.1803354212465	4.916236525252684	6598.083763474748	6603.0	0	0.0	0.0	660.3	0	0.7374354787879025	659.8083763474748	0	0	0	0	0	2130.0	0	0	0.0	0	
56	2019-01-05 23:16:48	0	0	6917.227955337306	0	0	0.0	691.7227955337307	0	0	0	0.8330714548392167	6917.227955337306	6918.061026792146	0	0.0	0.0	725.3461082683154	0	0.16934672230834874	691.7227955337307	5.282866131454065	6597.717133868546	6603.0	0	0.0	0.0	660.3	0	0.7924299197181097	659.7717133868546	0	0	0	0	0	2130.0	0	0	0.0	0	
57	2019-01-06 01:24:36	0	0	6894.045015953543	0	0	0.0	689.4045015953543	0	0	0	1.1564116902412374	6894.045015953543	6895.201427643783	0	0.0	0.0	710.4648843205899	0	0.12110236724088215	689.4045015953543	5.732307152966521	6597.267692847034	6603.0	0	0.0	0.0	660.3	0	0.8598460729449781	659.7267692847034	0	0	0	0	0	2130.0	0	0	0.0	0	
58	2019-01-06 03:32:24	0	0	6880.264478527378	0	0	0.0	688.0264478527379	0	0	0	0.3261668919581351	6880.264478527378	6880.590645419336	0	0.0	9.094947017729282e-13	699.4644751198462	0	0.0388624976826894	688.0264478527379	6.126035623262958	6596.873964376736	6602.999999999999	0	0.0	9.094947017729282e-13	660.3	0	0.9189053434894436	659.6873964376737	0	0	0	0	0	2130.0	0	0	0.0	0	
59	2019-01-06 05:40:12	0	0	6909.420783990091	0	0	0.0	690.9420783990091	0	0	0	2.1039038935339045	6909.420783990091	6911.524687883625	0	0.0	0.0	681.2001630045955	0	0.20640130644541688	690.9420783990091	6.421697678624525	6596.578302321375	6603.0	0	0.0	0.0	660.3	0	0.9632546517936786	659.6578302321376	0	0	0	0	0	2130.0	0	0	0.0	0	
60	2019-01-06 07:48:00	0	0	6895.301867073242	0	0	0.0	689.5301867073242	0	0	0	0.6587745393581377	6895.301867073242	6895.9606416126	0	0.0	0.0	685.8754640127801	0	0.063904275632746	689.5301867073242	0	6603.0	6603.0	0	0	0.0	660.3	0	0	660.3000000000001	0	0	0	0	0	2130.0	0	0	0.0	0	
61	2019-01-06 09:55:48	0	0	6907.831865593729	0	0	0.0	690.783186559373	0	0	0	3.0325628437678023	6907.831865593729	6910.864428437497	0	0.0	0.0	700.8305219777615	0	0.3894508950649787	690.783186559373	10.61007194218901	6592.430469809659	6603.040541751849	0	0.0	0.0	660.3040541751848	0	1.5915107913283515	659.243046980966	0	0	0	0	0	2130.0	0	0	0.0	0	
62	2019-01-06 12:03:36	0	0	6954.441276508928	0	0	0.0	695.4441276508928	0	0	0	12.735656888957193	6954.441276508928	6967.1769333978855	0	0.0	0.0	712.8818647423612	0	1.842243258911036	695.4441276508928	3.5654700339701932	6600.642434473335	6604.207904507305	0	0.0	0.0	660.4207904507305	0	0.5348205050955289	660.0642434473335	0	0	0	0	0	2130.0	0	0	0.0	0	
63	2019-01-06 14:11:24	0	0	7028.532397149677	0	0	0.0	702.8532397149678	0	0	0	0.6406885051033123	7028.532397149677	7029.17308565478	0	-1.1102230246251565e-16	0.0	712.1065610215425	0	0.08625838270947948	702.8532397149678	4.3576838316599575	6599.768765277945	6604.126449109605	0	0.0	0.0	660.4126449109605	0	0.6536525747489936	659.9768765277945	0	0	0	0	0	2130.0	0	0	0.0	0	
64	2019-01-06 16:19:12	0	0	7072.449585906588	0	0	0.0	707.2449585906588	0	0	0	2.7010030214051746	7072.449585906588	7075.150588927992	0	0.0	0.0	715.4131948714604	0	0.3284318333844078	707.2449585906588	3.9816236674286603	6599.359264912271	6603.3408885797	0	0.0	0.0	660.33408885797	0	0.597243550114299	659.9359264912272	0	0	0	0	0	2130.0	0	0	0.0	0	
65	2019-01-06 18:27:00	0	0	7067.133449545665	0	0	0.0	706.7133449545665	0	0	0	2.2978194152338896	7067.133449545665	7069.431268960899	0	0.0	0.0	744.1638962516258	0	0.4271669696515583	706.7133449545665	4.717710223102076	6598.282289776898	6603.0	0	0.0	0.0	660.3	0	0.7076565334653113	659.8282289776898	0	0	0	0	0	2130.0	0	0	0.0	0	
66	2019-01-06 20:34:48	0	0	7015.578210732153	0	0	0.0	701.5578210732153	0	0	0	1.8568549787355637	7015.578210732153	7017.435065710889	0	2.220446049250313e-16	0.0	750.2875094781203	0	0.3859868668427058	701.5578210732153	5.132807297161087	6597.867192702839	6603.0	0	0.0	0.0	660.3	0	0.7699210945741631	659.7867192702839	0	0	0	0	0	2130.0	0	0	0.0	0	
67	2019-01-06 22:42:36	0	0	6961.177756477205	0	0	0.0	696.1177756477205	0	0	0	1.7968137166832046	6961.177756477205	6962.974570193888	0	2.220446049250313e-16	0.0	743.107905494213	0	0.386613822557642	696.1177756477205	5.4465732473622195	6597.553426752638	6603.0	0	0.0	0.0	660.3	0	0.8169859871043329	659.7553426752638	0	0	0	0	0	2130.0	0	0	0.0	0	
68	2019-01-07 00:50:24	0	0	6926.3074799661135	0	0	0.0	692.6307479966114	0	0	0	1.2039567000356417	6926.3074799661135	6927.511436666149	0	0.0	0.0	725.776781479835	0	0.16797723341415477	692.6307479966114	5.74494146605113	6597.255058533949	6603.0	0	0.0	0.0	660.3	0	0.8617412199076695	659.7255058533949	0	0	0	0	0	2130.0	0	0	0.0	0	
69	2019-01-07 02:58:12	0	0	6969.452872324925	0	0	0.0	696.9452872324925	0	0	0	1.7900455551368133	6969.452872324925	6971.242917880062	0	0.0	9.094947017729282e-13	717.7050135711635	0	0.19983362765974602	696.9452872324925	5.952023631887667	6597.047976368111	6602.999999999999	0	0.0	9.094947017729282e-13	660.3	0	0.89280354478315	659.7047976368112	0	0	0	0	0	2130.0	0	0	0.0	0	
70	2019-01-07 05:06:00	0	0	6936.017991680833	0	0	0.0	693.6017991680833	0	0	0	1.4995003780378184	6936.017991680833	6937.517492058871	0	0.0	0.0	682.9883406240976	0	0.1392101992053914	693.6017991680833	6.096703567379597	6596.903296432621	6603.0	0	0.0	0.0	660.3	0	0.9145055351069395	659.6903296432621	0	0	0	0	0	2130.0	0	0	0.0	0	
71	2019-01-07 07:13:48	0	0	6908.158924917454	0	0	0.0	690.8158924917454	0	0	0	2.296672101895589	6908.158924917454	6910.45559701935	0	0.0	9.094947017729282e-13	687.1408736197892	0	0.22584417722736513	690.8158924917454	0	6602.999999999999	6602.999999999999	0	0	9.094947017729282e-13	660.3	0	0	660.3	0	0	0	0	0	2130.0	0	0	0.0	0	
72	2019-01-07 09:21:36	0	0	6878.695573105918	0	0	0.0	687.8695573105919	0	0	0	0.6520702300559226	6878.695573105918	6879.347643335974	0	0.0	0.0	696.6855786646245	0	0.08378499447632509	687.8695573105919	9.753091772369192	6593.373318792602	6603.126410564971	0	0.0	0.0	660.312641056497	0	1.4629637658553787	659.3373318792602	0	0	0	0	0	2130.0	0	0	0.0	0	
73	2019-01-07 11:29:24	0	0	6889.301328512509	0	0	0.0	688.930132851251	0	0	0	0.8092167235584667	6889.301328512509	6890.110545236067	0	0.0	9.094947017729282e-13	696.5698826297254	0	0.09828825712304046	688.930132851251	3.3330771471521015	6600.500272970979	6603.8333501181305	0	0.0	9.094947017729282e-13	660.383335011813	0	0.4999615720728152	660.0500272970979	0	0	0	0	0	2130.0	0	0	0.0	0	
74	2019-01-07 13:37:12	0	0	6909.395610043852	0	0	0.0	690.9395610043853	0	0	0	0.7899853567455444	6909.395610043852	6910.185595400596	0	0.0	0.0	705.0950647696903	0	0.12222618609298061	690.9395610043853	4.0726470737407965	6600.1304141312	6604.203061204941	0	0.0	0.0	660.420306120494	0	0.6108970610611194	660.01304141312	0	0	0	0	0	2130.0	0	0	0.0	0	
75	2019-01-07 15:45:00	0	0	6882.393588873934	0	0	0.0	688.2393588873935	0	0	0	0.6780883431447008	6882.393588873934	6883.071677217079	0	-1.1102230246251565e-16	0.0	694.9219782733406	0	0.09331632968113075	688.2393588873935	3.33142389829933	6600.387465608844	6603.718889507143	0	0.0	0.0	660.3718889507143	0	0.49971358474489946	660.0387465608844	0	0	0	0	0	2130.0	0	0	0.0	0	
76	2019-01-07 17:52:48	0	0	6890.678183409752	0	0	0.0	689.0678183409752	0	0	0	0.6241519678906464	6890.678183409752	6891.3023353776425	0	0.0	9.094947017729282e-13	695.1196547784879	0	0.08092756790775266	689.0678183409752	3.8645544137569865	6599.135445586242	6602.999999999999	0	0.0	9.094947017729282e-13	660.3	0	0.579683162063548	659.9135445586243	0	0	0	0	0	2130.0	0	0	0.0	0	
77	2019-01-07 20:00:36	0	0	6880.554599672638	0	0	0.0	688.0554599672638	0	0	0	0.6870777390203766	6880.554599672638	6881.241677411658	0	0.0	0.0	720.8257923878763	0	0.1460856655779736	688.0554599672638	4.399849353341725	6598.600150646658	6603.0	0	0.0	0.0	660.3	0	0.6599774030012587	659.8600150646658	0	0	0	0	0	2130.0	0	0	0.0	0	
78	2019-01-07 22:08:24	0	0	6898.256188053153	0	0	0.0	689.8256188053153	0	0	0	0.6705412018077106	6898.256188053153	6898.92672925496	0	0.0	0.0	728.4171770906954	0	0.15017182586716743	689.8256188053153	4.811008178290121	6598.18899182171	6603.0	0	0.0	0.0	660.3	0	0.7216512267435181	659.8188991821711	0	0	0	0	0	2130.0	0	0	0.0	0	
79	2019-01-08 00:16:12	0	0	6910.891649201827	0	0	0.0	691.0891649201827	0	0	0	1.3206622139337354	6910.891649201827	6912.212311415761	0	2.220446049250313e-16	0.0	722.6599998923161	0	0.1931162153689087	691.0891649201827	5.175376091638816	6597.824623908361	6603.0	0	0.0	0.0	660.3	0	0.7763064137458223	659.7824623908361	0	0	0	0	0	2130.0	0	0	0.0	0	
80	2019-01-08 02:24:00	0	0	6893.383219042634	0	0	0.0	689.3383219042635	0	0	0	0.4070714548392168	6893.383219042634	6893.790290497473	0	0.0	0.0	705.6791820198483	0	0.04925240585153795	689.3383219042635	5.576127140727453	6597.423872859273	6603.0	0	0.0	0.0	660.3	0	0.836419071109118	659.7423872859273	0	0	0	0	0	2130.0	0	0	0.0	0	
81	2019-01-08 04:31:48	0	0	6902.958174963343	0	0	0.0	690.2958174963343	0	0	0	1.1564116902412374	6902.958174963343	6904.1145866535835	0	0.0	0.0	685.9605854123137	0	0.1145147483393016	690.2958174963343	5.842189418466272	6597.157810581533	6603.0	0	0.0	0.0	660.3	0	0.8763284127699408	659.7157810581534	0	0	0	0	0	2130.0	0	0	0.0	0	
82	2019-01-08 06:39:36	0	0	6909.210265848242	0	0	0.0	690.9210265848242	0	0	0	0.3261668919581351	6909.210265848242	6909.5364327402	0	0.0	0.0	680.8072873503194	0	0.027473996138211713	690.9210265848242	0	6603.0	6603.0	0	0	0.0	660.3	0	0	660.3000000000001	0	0	0	0	0	2130.0	0	0	0.0	0	
83	2019-01-08 08:47:24	0	0	6904.99164051715	0	0	0.0	690.4991640517151	0	0	0	2.1976324359062818	6904.99164051715	6907.189272953056	0	-4.440892098500626e-16	0.0	707.1850545526186	0	0.23128942757732737	690.4991640517151	10.04979684299047	6592.950203157009	6603.0	0	0.0	0.0	660.3	0	1.5074695264485702	659.295020315701	0	0	0	0	0	2130.0	0	0	0.0	0	
84	2019-01-08 10:55:12	0	0	6964.110104303533	0	0	0.0	696.4110104303534	0	0	0	1.178503081730515	6964.110104303533	6965.288607385264	0	0.0	9.094947017729282e-13	708.6933371889158	0	0.14026352567444828	696.4110104303534	4.5257112947572145	6598.888714301246	6603.414425596004	0	0.0	9.094947017729282e-13	660.3414425596003	0	0.6788566942135822	659.8888714301247	0	0	0	0	0	2130.0	0	0	0.0	0	
85	2019-01-08 13:03:00	0	0	6923.645644468386	0	0	0.0	692.3645644468387	0	0	0	0.7971138713365137	6923.645644468386	6924.442758339723	0	-1.1102230246251565e-16	9.094947017729282e-13	707.2267217773383	0	0.1276800612478146	692.3645644468387	5.3841474397356395	6598.838222142234	6604.22236958197	0	0.0	9.094947017729282e-13	660.422236958197	0	0.8076221159603459	659.8838222142235	0	0	0	0	0	2130.0	0	0	0.0	0	
86	2019-01-08 15:10:48	0	0	6880.414092267825	0	0	0.0	688.0414092267825	0	0	0	0.6586672968546639	6880.414092267825	6881.0727595646795	0	0.0	9.094947017729282e-13	694.7142665326069	0	0.09091977256894018	688.0414092267825	4.630961017238298	6598.722734943357	6603.353695960595	0	0.0	9.094947017729282e-13	660.3353695960595	0	0.6946441525857446	659.8722734943358	0	0	0	0	0	2130.0	0	0	0.0	0	
87	2019-01-08 17:18:36	0	0	6853.909835570751	0	0	0.0	685.3909835570752	0	0	0	0.6406885051033123	6853.909835570751	6854.550524075855	0	-1.1102230246251565e-16	0.0	690.7156965956636	0	0.0857788485303438	685.3909835570752	5.066265586495373	6597.933734413505	6603.0	0	0.0	0.0	660.3	0	0.7599398379743059	659.7933734413505	0	0	0	0	0	2130.0	0	0	0.0	0	
88	2019-01-08 19:26:24	0	0	6856.392337419438	0	0	0.0	685.6392337419438	0	0	0	0.9179669126927922	6856.392337419438	6857.310304332131	0	-1.1102230246251565e-16	0.0	716.9450597472292	0	0.19886776983455717	685.6392337419438	5.3737997778191735	6597.626200222181	6603.0	0	0.0	0.0	660.3	0	0.806069966672876	659.7626200222181	0	0	0	0	0	2130.0	0	0	0.0	0	
89	2019-01-08 21:34:12	0	0	6869.490292146503	0	0	0.0	686.9490292146503	0	0	0	1.8718194152338894	6869.490292146503	6871.362111561737	0	0.0	0.0	716.0522407759875	0	0.3805057889360021	686.9490292146503	5.7234772516633345	6597.276522748337	6603.0	0	0.0	0.0	660.3	0	0.8585215877495002	659.7276522748338	0	0	0	0	0	2130.0	0	0	0.0	0	
90	2019-01-08 23:42:00	0	0	6852.412165809446	0	0	0.0	685.2412165809446	0	0	0	1.4308549787355636	6852.412165809446	6853.843020788182	0	0.0	0.0	712.2817780045938	0	0.28854424760375524	685.2412165809446	6.057417853417989	6596.942582146582	6603.0	0	0.0	0.0	660.3	0	0.9086126780126983	659.6942582146582	0	0	0	0	0	2130.0	0	0	0.0	0	
91	2019-01-09 01:49:48	0	0	6832.386128624797	0	0	0.0	683.2386128624797	0	0	0	1.3708137166832044	6832.386128624797	6833.75694234148	0	0.0	0.0	700.0408097231068	0	0.17530975918562924	683.2386128624797	6.300176989369904	6596.69982301063	6603.0	0	0.0	0.0	660.3	0	0.9450265484054855	659.6699823010631	0	0	0	0	0	2130.0	0	0	0.0	0	
92	2019-01-09 03:57:36	0	0	6870.49186446358	0	0	0.0	687.049186446358	0	0	0	1.2039567000356417	6870.49186446358	6871.695821163615	0	0.0	0.0	698.2316702931286	0	0.13952345849462158	687.049186446358	6.480501641535178	6596.519498358465	6603.0	0	0.0	0.0	660.3	0	0.9720752462302766	659.6519498358466	0	0	0	0	0	2130.0	0	0	0.0	0	
93	2019-01-09 06:05:24	0	0	6865.168223462813	0	0	0.0	686.5168223462814	0	0	0	1.7900455551368133	6865.168223462813	6866.9582690179495	0	0.0	0.0	677.958808197301	0	0.16646924118577697	686.5168223462814	0	6603.0	6603.0	0	0	0.0	660.3	0	0	660.3000000000001	0	0	0	0	0	2130.0	0	0	0.0	0	
94	2019-01-09 08:13:12	0	0	6842.868285140937	0	0	0.0	684.2868285140937	0	0	0	1.593228920410196	6842.868285140937	6844.461514061347	0	0.0	9.094947017729282e-13	697.6567947429493	0	0.1820433671092961	684.2868285140937	10.649999999999999	6592.349999999999	6602.999999999999	0	0.0	9.094947017729282e-13	660.3	0	1.5974999999999997	659.235	0	0	0	0	0	2130.0	0	0	0.0	0	
95	2019-01-09 10:21:00	0	0	6848.441917200737	0	0	0.0	684.8441917200738	0	0	0	2.390400644267966	6848.441917200737	6850.8323178450055	0	0.0	9.094947017729282e-13	693.465445383148	0	0.25214592245441264	684.8441917200738	5.070210502683095	6598.356004632737	6603.42621513542	0	0.0	9.094947017729282e-13	660.3426215135419	0	0.7605315754024642	659.8356004632737	0	0	0	0	0	2130.0	0	0	0.0	0	
96	2019-01-09 12:28:48	0	0	6834.711647582303	0	0	0.0	683.4711647582303	0	0	0	10.435306782114582	6834.711647582303	6845.146954364418	0	0.0	0.0	695.3967261583749	0	1.506240243449963	683.4711647582303	5.682700987844017	6598.388888107431	6604.071589095275	0	0.0	0.0	660.4071589095274	0	0.8524051481766025	659.8388888107431	0	0	0	0	0	2130.0	0	0	0.0	0	
97	2019-01-09 14:36:36	0	0	6893.859453077727	0	0	0.0	689.3859453077728	0	0	0	0.7154881811860893	6893.859453077727	6894.574941258913	0	0.0	0.0	695.7767909470243	0	0.09816532944924106	689.3859453077728	4.807811565502868	6599.280697280736	6604.088508846238	0	0.0	0.0	660.4088508846238	0	0.7211717348254302	659.9280697280736	0	0	0	0	0	2130.0	0	0	0.0	0	
98	2019-01-09 16:44:24	0	0	6845.596097556171	0	0	0.0	684.5596097556172	0	0	0	2.837436120005444	6845.596097556171	6848.433533676177	0	0.0	9.094947017729282e-13	688.9926734292052	0	0.34209078583310515	684.5596097556172	4.956858723085032	6598.474493821504	6603.43135254459	0	0.0	9.094947017729282e-13	660.343135254459	0	0.7435288084627548	659.8474493821504	0	0	0	0	0	2130.0	0	0	0.0	0	
99	2019-01-09 18:52:12	0	0	6842.496257598163	0	0	0.0	684.2496257598164	0	0	0	0.6780883431447008	6842.496257598163	6843.174345941307	0	-1.1102230246251565e-16	9.094947017729282e-13	703.7095154862179	0	0.12402069581035012	684.2496257598164	5.295032439542334	6597.704967560457	6602.999999999999	0	0.0	9.094947017729282e-13	660.3	0	0.7942548659313501	659.7704967560458	0	0	0	0	0	2130.0	0	0	0.0	0	
100	2019-01-09 21:00:00	0	0	6851.572711362352	0	0	0.0	685.1572711362352	0	0	0	0.19815196789064643	6851.572711362352	6851.770863330242	0	0.0	0.0	712.0290910675405	0	0.04032469598299811	685.1572711362352	5.750508560908324	6597.249491439092	6603.0	0	0.0	0.0	660.3	0	0.8625762841362486	659.7249491439093	0	0	0	0	0	2130.0	0	0	0.0	0	
101	2019-01-09 23:07:48	0	0	6858.924802526291	0	0	0.0	685.8924802526292	0	0	0	0.2610777390203766	6858.924802526291	6859.185880265311	0	0.0	9.094947017729282e-13	713.3768870617339	0	0.05280886076823596	685.8924802526292	6.071035066138563	6596.928964933861	6602.999999999999	0	0.0	9.094947017729282e-13	660.3	0	0.9106552599207844	659.6928964933861	0	0	0	0	0	2130.0	0	0	0.0	0	
102	2019-01-10 01:15:36	0	0	6833.587364361424	0	0	0.0	683.3587364361424	0	0	0	0.2445412018077106	6833.587364361424	6833.831905563232	0	0.0	0.0	700.0550167114934	0	0.03469386683719307	683.3587364361424	6.3206713239677965	6596.679328676032	6603.0	0	0.0	0.0	660.3	0	0.9481006985951694	659.6679328676032	0	0	0	0	0	2130.0	0	0	0.0	0	
103	2019-01-10 03:23:24	0	0	6832.496646638426	0	0	0.0	683.2496646638426	0	0	0	0.8946622139337354	6832.496646638426	6833.3913088523595	0	0.0	0.0	692.8639914949254	0	0.09688311897153867	683.2496646638426	6.545522234440558	6596.454477765559	6603.0	0	0.0	0.0	660.3	0	0.9818283351660836	659.645447776556	0	0	0	0	0	2130.0	0	0	0.0	0	
104	2019-01-10 05:31:12	0	0	6856.992549891162	0	0	0.0	685.6992549891162	0	0	0	0.4070714548392168	6856.992549891162	6857.399621346	0	0.0	0.0	677.7009341000664	0	0.03579750498180033	685.6992549891162	0	6603.0	6603.0	0	0	0.0	660.3	0	0	660.3000000000001	0	0	0	0	0	2130.0	0	0	0.0	0	
105	2019-01-10 07:39:00	0	0	6854.291563160187	0	0	0.0	685.4291563160187	0	0	0	1.2501402326136148	6854.291563160187	6855.541703392801	0	0.0	0.0	682.2116357061916	0	0.12283708162169842	685.4291563160187	10.649999999999999	6592.35	6603.0	0	0.0	0.0	660.3	0	1.5974999999999997	659.2350000000001	0	0	0	0	0	2130.0	0	0	0.0	0	
106	2019-01-10 09:46:48	0	0	6865.723934897561	0	0	0.0	686.5723934897561	0	0	0	0.4198954343305125	6865.723934897561	6866.143830331891	0	5.551115123125783e-17	0.0	694.8266810790428	0	0.04961190896144706	686.5723934897561	5.364076566022295	6597.768077199419	6603.132153765441	0	0.0	0.0	660.3132153765441	0	0.8046114849033442	659.776807719942	0	0	0	0	0	2130.0	0	0	0.0	0	
107	2019-01-10 11:54:36	0	0	6920.4722568014795	0	0	0.0	692.047225680148	0	0	0	2.752232185493205	6920.4722568014795	6923.224488986972	0	-4.440892098500626e-16	0.0	700.8065208898805	0	0.295439367472563	692.047225680148	5.699102494594486	6598.164259439725	6603.86336193432	0	0.0	0.0	660.3863361934319	0	0.8548653741891729	659.8164259439726	0	0	0	0	0	2130.0	0	0	0.0	0	
108	2019-01-10 14:02:24	0	0	6862.434629905445	0	0	0.0	686.2434629905446	0	0	0	1.0847745393581376	6862.434629905445	6863.5194044448035	0	0.0	9.094947017729282e-13	691.9986230005361	0	0.17125935396445227	686.2434629905446	4.435088005125314	6599.655733601081	6604.090821606206	0	0.0	9.094947017729282e-13	660.4090821606205	0	0.6652632007687971	659.9655733601081	0	0	0	0	0	2130.0	0	0	0.0	0	
109	2019-01-10 16:10:12	0	0	6833.891537907866	0	0	0.0	683.3891537907866	0	0	0	1.3144454747094023	6833.891537907866	6835.205983382576	0	2.220446049250313e-16	0.0	687.450723163752	0	0.17125751713586884	683.3891537907866	4.640986744859588	6598.451475822676	6603.092462567535	0	0.0	0.0	660.3092462567535	0	0.6961480117289381	659.8451475822676	0	0	0	0	0	2130.0	0	0	0.0	0	
110	2019-01-10 18:18:00	0	0	6838.366202435132	0	0	0.0	683.8366202435133	0	0	0	0.6586672968546639	6838.366202435132	6839.024869731987	0	0.0	9.094947017729282e-13	702.9599307467466	0	0.12054432852443349	683.8366202435133	5.208595755963245	6597.791404244036	6602.999999999999	0	0.0	9.094947017729282e-13	660.3	0	0.7812893633944867	659.7791404244036	0	0	0	0	0	2130.0	0	0	0.0	0	
111	2019-01-10 20:25:48	0	0	6849.958990802192	0	0	0.0	684.9958990802193	0	0	0	0.2146885051033124	6849.958990802192	6850.173679307295	0	0.0	0.0	714.2590181802523	0	0.04461470836780717	684.9958990802193	5.563142209755112	6597.436857790245	6603.0	0	0.0	0.0	660.3	0	0.8344713314632668	659.7436857790245	0	0	0	0	0	2130.0	0	0	0.0	0	
112	2019-01-10 22:33:36	0	0	6850.12396013848	0	0	0.0	685.012396013848	0	0	0	0.49196691269279225	6850.12396013848	6850.615927051173	0	0.0	0.0	717.5304414301919	0	0.10767081635130912	685.012396013848	5.84893419062816	6597.151065809372	6603.0	0	0.0	0.0	660.3	0	0.8773401285942241	659.7151065809372	0	0	0	0	0	2130.0	0	0	0.0	0	
113	2019-01-11 00:41:24	0	0	6855.225463861452	0	0	0.0	685.5225463861452	0	0	0	1.8718194152338894	6855.225463861452	6857.0972832766865	0	0.0	0.0	711.7328542455487	0	0.29885295769110165	685.5225463861452	6.133975902113611	6596.866024097886	6603.0	0	0.0	0.0	660.3	0	0.9200963853170416	659.6866024097886	0	0	0	0	0	2130.0	0	0	0.0	0	
114	2019-01-11 02:49:12	0	0	6879.549512440623	0	0	0.0	687.9549512440624	0	0	0	1.4308549787355636	6879.549512440623	6880.980367419359	0	0.0	9.094947017729282e-13	703.740015644343	0	0.17085759406830925	687.9549512440624	6.419248988040609	6596.5807510119585	6602.999999999999	0	0.0	9.094947017729282e-13	660.3	0	0.9628873482060913	659.6580751011959	0	0	0	0	0	2130.0	0	0	0.0	0	
115	2019-01-11 04:57:00	0	0	6911.884592840517	0	0	0.0	691.1884592840518	0	0	0	1.3708137166832044	6911.884592840517	6913.2554065572	0	0.0	0.0	686.8268372606407	0	0.12919642687456542	691.1884592840518	0	6603.0	6603.0	0	0	0.0	660.3	0	0	660.3000000000001	0	0	0	0	0	2130.0	0	0	0.0	0	
116	2019-01-11 07:04:48	0	0	7003.81760210858	0	0	0.0	700.381760210858	0	0	0	1.2976852424080192	7003.81760210858	7005.115287350988	0	2.220446049250313e-16	9.094947017729282e-13	695.2694095857413	0	0.12253531319952769	700.381760210858	10.649999999999999	6592.349999999999	6602.999999999999	0	0.0	9.094947017729282e-13	660.3	0	1.5974999999999997	659.235	0	0	0	0	0	2130.0	0	0	0.0	0	
117	2019-01-11 09:12:36	0	0	7131.767539003475	0	0	0.0	713.1767539003475	0	0	0	23.950368439523157	7131.767539003475	7155.717907442997	0	-3.552713678800501e-15	0.0	732.6412390672408	0	3.084731262535803	713.1767539003475	5.243744522530424	6597.892798850155	6603.136543372685	0	0.0	0.0	660.3136543372684	0	0.7865616783795636	659.7892798850155	0	0	0	0	0	2130.0	0	0	0.0	0	
118	2019-01-11 11:20:24	0	0	7385.615228211901	0	0	0.0	738.5615228211901	0	0	0	40.876566111921846	7385.615228211901	7426.491794323822	0	-7.105427357601002e-15	0.0	764.2580377929507	0	5.124268589739532	738.5615228211901	5.294464808254356	6598.5661866392065	6603.86065144746	0	0.0	0.0	660.386065144746	0	0.7941697212381534	659.8566186639207	0	0	0	0	0	2130.0	0	0	0.0	0	
119	2019-01-11 13:28:12	0	0	7109.789246671048	0	0	0.0	710.9789246671048	0	0	0	3.2724030772374606	7109.789246671048	7113.061649748286	0	4.440892098500626e-16	0.0	734.5705030062935	0	0.5847696727185675	710.9789246671048	3.6434045581382972	6600.63129663232	6604.2747011904585	0	0.0	0.0	660.4274701190458	0	0.5465106837207445	660.0631296632321	0	0	0	0	0	2130.0	0	0	0.0	0	
120	2019-01-11 15:36:00	0	0	7119.189400595233	0	0	0.0	711.9189400595233	0	0	0	0.5583416876835452	7119.189400595233	7119.747742282916	0	0.0	9.094947017729282e-13	724.1282597366765	0	0.07234230288053328	711.9189400595233	3.3403287172399776	6600.368019702364	6603.708348419604	0	0.0	9.094947017729282e-13	660.3708348419603	0	0.5010493075859966	660.0368019702364	0	0	0	0	0	2130.0	0	0	0.0	0	
121	2019-01-11 17:43:48	0	0	7218.0116826814165	0	0	0.0	721.8011682681417	0	0	0	0.7154881811860893	7218.0116826814165	7218.727170862601	0	0.0	0.0	734.573559603522	0	0.0976508373867833	721.8011682681417	3.826122662356906	6599.173877337643	6603.0	0	0.0	0.0	660.3	0	0.5739183993535358	659.9173877337644	0	0	0	0	0	2130.0	0	0	0.0	0	
122	2019-01-11 19:51:36	0	0	6997.891822542219	0	0	0.0	699.7891822542219	0	0	0	0.696788262165395	6997.891822542219	6998.588610804385	0	-1.1102230246251565e-16	0.0	747.9586877151514	0	0.15070898837849028	699.7891822542219	4.576336239814839	6598.423663760185	6603.0	0	0.0	0.0	660.3	0	0.6864504359722258	659.8423663760186	0	0	0	0	0	2130.0	0	0	0.0	0	
123	2019-01-11 21:59:24	0	0	6926.675498321405	0	0	0.0	692.6675498321406	0	0	0	0.6780883431447008	6926.675498321405	6927.353586664549	0	-1.1102230246251565e-16	9.094947017729282e-13	727.4917976220469	0	0.138654971033809	692.6675498321406	5.091332345799833	6597.908667654199	6602.999999999999	0	0.0	9.094947017729282e-13	660.3	0	0.7636998518699749	659.79086676542	0	0	0	0	0	2130.0	0	0	0.0	0	
124	2019-01-12 00:07:12	0	0	6894.547661955502	0	0	0.0	689.4547661955503	0	0	0	0.19815196789064643	6894.547661955502	6894.745813923392	0	0.0	0.0	719.2368044468642	0	0.03243887687758869	689.4547661955503	5.87641662185755	6597.123583378142	6603.0	0	0.0	0.0	660.3	0	0.8814624932786325	659.7123583378143	0	0	0	0	0	2130.0	0	0	0.0	0	
125	2019-01-12 02:15:00	0	0	6893.173604577648	0	0	0.0	689.3173604577648	0	0	0	0.2610777390203766	6893.173604577648	6893.434682316667	0	0.0	0.0	705.6874785662116	0	0.03305079795072589	689.3173604577648	6.729141947782278	6596.270858052218	6603.0	0	0.0	0.0	660.3	0	1.0093712921673417	659.6270858052218	0	0	0	0	0	2130.0	0	0	0.0	0	
126	2019-01-12 04:22:48	0	0	6922.526778754666	0	0	0.0	692.2526778754667	0	0	0	0.13234168768354518	6922.526778754666	6922.65912044235	0	0.0	0.0	687.630854797821	0	0.011966945497929605	692.2526778754667	0	6603.0	6603.0	0	0	0.0	660.3	0	0	660.3000000000001	0	0	0	0	0	2130.0	0	0	0.0	0	
127	2019-01-12 06:30:36	0	0	6942.0885479138915	0	0	0.0	694.2088547913892	0	0	0	0.38321672355846675	6942.0885479138915	6942.47176463745	0	-5.551115123125783e-17	0.0	682.6581460542455	0	0.030397982861819304	694.2088547913892	10.649999999999999	6592.35	6603.0	0	0.0	0.0	660.3	0	1.5974999999999997	659.2350000000001	0	0	0	0	0	2130.0	0	0	0.0	0	
128	2019-01-12 08:38:24	0	0	7009.316597544227	0	0	0.0	700.9316597544228	0	0	0	0.3645168045377725	7009.316597544227	7009.681114348764	0	-5.551115123125783e-17	0.0	722.6830397247137	0	0.048486695853275405	700.9316597544228	7.725914083242377	6595.274085916758	6603.0	0	0.0	0.0	660.3	0	1.1588871124863565	659.5274085916758	0	0	0	0	0	2130.0	0	0	0.0	0	
129	2019-01-12 10:46:12	0	0	7079.701925014544	0	0	0.0	707.9701925014544	0	0	0	0.25208834314470085	7079.701925014544	7079.954013357688	0	0.0	0.0	724.0789529981505	0	0.029399896103860075	707.9701925014544	7.711925041472476	6595.509686177519	6603.221611218992	0	0.0	0.0	660.3221611218992	0	1.1567887562208714	659.550968617752	0	0	0	0	0	2130.0	0	0	0.0	0	
130	2019-01-12 12:54:00	0	0	7112.233438122808	0	0	0.0	711.2233438122809	0	0	0	0.19815196789064643	7112.233438122808	7112.431590090699	0	0.0	0.0	733.9601458716012	0	0.03257375640864434	711.2233438122809	6.901285323763745	6597.307171439191	6604.2084567629545	0	0.0	9.094947017729282e-13	660.4208456762954	0	1.0351927985645617	659.7307171439192	0	0	0	0	0	2130.0	0	0	0.0	0	
131	2019-01-12 15:01:48	0	0	7001.884107505189	0	0	0.0	700.1884107505189	0	0	0	0.2610777390203766	7001.884107505189	7002.145185244209	0	0.0	9.094947017729282e-13	709.7025962430888	0	0.04254580885626591	700.1884107505189	6.679295301246602	6596.671778463526	6603.351073764772	0	0.0	9.094947017729282e-13	660.3351073764771	0	1.0018942951869902	659.6671778463526	0	0	0	0	0	2130.0	0	0	0.0	0	
132	2019-01-12 17:09:36	0	0	6924.8007946921	0	0	0.0	692.4800794692101	0	0	0	0.2445412018077106	6924.8007946921	6925.045335893907	0	0.0	0.0	699.2521037515014	0	0.03732844151110756	692.4800794692101	7.104428111492621	6595.895571888507	6603.0	0	0.0	0.0	660.3	0	1.065664216723893	659.5895571888508	0	0	0	0	0	2130.0	0	0	0.0	0	
133	2019-01-12 19:17:24	0	0	6932.2466248177525	0	0	0.0	693.2246624817753	0	0	0	0.8946622139337354	6932.2466248177525	6933.141287031686	0	0.0	0.0	733.9243576007862	0	0.18265934156980518	693.2246624817753	7.714194645663918	6595.285805354336	6603.0	0	0.0	0.0	660.3	0	1.1571291968495876	659.5285805354337	0	0	0	0	0	2130.0	0	0	0.0	0	
134	2019-01-12 21:25:12	0	0	6912.277125416541	0	0	0.0	691.2277125416541	0	0	0	0.4070714548392168	6912.277125416541	6912.68419687138	0	0.0	0.0	724.8056141773669	0	0.08226881700460498	691.2277125416541	8.203902562070947	6594.796097437929	6603.0	0	0.0	0.0	660.3	0	1.230585384310642	659.4796097437929	0	0	0	0	0	2130.0	0	0	0.0	0	
135	2019-01-12 23:33:00	0	0	6894.950559708189	0	0	0.0	689.495055970819	0	0	0	1.1564116902412374	6894.950559708189	6896.10697139843	0	0.0	0.0	721.1714407011668	0	0.23164745371850018	689.495055970819	8.332795185370946	6594.667204814629	6603.0	0	0.0	0.0	660.3	0	1.2499192778056418	659.466720481463	0	0	0	0	0	2130.0	0	0	0.0	0	
136	2019-01-13 01:40:48	0	0	6895.525004033031	0	0	0.0	689.5525004033032	0	0	0	0.3261668919581351	6895.525004033031	6895.85117092499	0	0.0	0.0	710.7524689132428	0	0.043539085629330315	689.5525004033032	8.2491394696608	6594.750860530339	6603.0	0	0.0	0.0	660.3	0	1.2373709204491201	659.4750860530339	0	0	0	0	0	2130.0	0	0	0.0	0	
137	2019-01-13 03:48:36	0	0	6916.7936445645155	0	0	0.0	691.6793644564516	0	0	0	2.1039038935339045	6916.7936445645155	6918.89754845805	0	0.0	9.094947017729282e-13	704.5888362938185	0	0.21546510874897712	691.6793644564516	0	6602.999999999999	6602.999999999999	0	0	9.094947017729282e-13	660.3	0	0	660.3	0	0	0	0	0	2130.0	0	0	0.0	0	
138	2019-01-13 05:56:24	0	0	6923.0548838880695	0	0	0.0	692.305488388807	0	0	0	0.7525030817305152	6923.0548838880695	6923.8073869698	0	1.1102230246251565e-16	0.0	681.9066852687345	0	0.06737884573196304	692.305488388807	10.649999999999999	6592.35	6603.0	0	0.0	0.0	660.3	0	1.5974999999999997	659.2350000000001	0	0	0	0	0	2130.0	0	0	0.0	0	
139	2019-01-13 08:04:12	0	0	6982.174331765117	0	0	0.0	698.2174331765118	0	0	0	0.4648424137088912	6982.174331765117	6982.639174178826	0	-5.551115123125783e-17	0.0	718.6140242804287	0	0.0595369195959852	698.2174331765118	8.721643808696081	6594.278356191304	6603.0	0	0.0	0.0	660.3	0	1.308246571304412	659.4278356191304	0	0	0	0	0	2130.0	0	0	0.0	0	
140	2019-01-13 10:12:00	0	0	6991.523178413965	0	0	0.0	699.1523178413966	0	0	0	0.23266729685466386	6991.523178413965	6991.75584571082	0	0.0	0.0	712.3189642894632	0	0.026813012738027144	699.1523178413966	7.577739947004552	6595.870914434278	6603.448654381283	0	0.0	0.0	660.3448654381282	0	1.1366609920506827	659.5870914434279	0	0	0	0	0	2130.0	0	0	0.0	0	
141	2019-01-13 12:19:48	0	0	6971.83601068593	0	0	0.0	697.183601068593	0	0	0	2.2707673856578223	6971.83601068593	6974.1067780715875	0	-4.440892098500626e-16	0.0	714.0138192849387	0	0.3332476670266955	697.183601068593	6.525613485090114	6597.618309187691	6604.143922672781	0	0.0	0.0	660.414392267278	0	0.9788420227635171	659.7618309187692	0	0	0	0	0	2130.0	0	0	0.0	0	
142	2019-01-13 14:27:36	0	0	7021.671387946406	0	0	0.0	702.1671387946407	0	0	0	0.49196691269279225	7021.671387946406	7022.163354859098	0	0.0	0.0	711.2883422651322	0	0.07244298048581102	702.1671387946407	5.7277763939873045	6598.237804428156	6603.965580822143	0	0.0	0.0	660.3965580822143	0	0.8591664590980956	659.8237804428156	0	0	0	0	0	2130.0	0	0	0.0	0	
143	2019-01-13 16:35:24	0	0	7012.592276255152	0	0	0.0	701.2592276255152	0	0	0	2.3409337041176546	7012.592276255152	7014.933209959269	0	0.0	0.0	708.4197525039293	0	0.3359289816467525	701.2592276255152	5.724081724893847	6597.678299838647	6603.402381563541	0	0.0	0.0	660.3402381563541	0	0.8586122587340771	659.7678299838648	0	0	0	0	0	2130.0	0	0	0.0	0	
144	2019-01-13 18:43:12	0	0	6988.997257431197	0	0	0.0	698.8997257431197	0	0	0	1.4308549787355636	6988.997257431197	6990.4281124099325	0	0.0	9.094947017729282e-13	730.1398582314371	0	0.2755671044727525	698.8997257431197	6.2053937982173455	6596.794606201782	6602.999999999999	0	0.0	9.094947017729282e-13	660.3	0	0.9308090697326018	659.6794606201782	0	0	0	0	0	2130.0	0	0	0.0	0	
145	2019-01-13 20:51:00	0	0	6970.159707548486	0	0	0.0	697.0159707548487	0	0	0	1.3708137166832044	6970.159707548486	6971.530521265169	0	0.0	0.0	740.5452093930228	0	0.2827002352857412	697.0159707548487	6.509731686481248	6596.490268313519	6603.0	0	0.0	0.0	660.3	0	0.9764597529721872	659.6490268313519	0	0	0	0	0	2130.0	0	0	0.0	0	
146	2019-01-13 22:58:48	0	0	6920.268813605636	0	0	0.0	692.0268813605636	0	0	0	1.2039567000356417	6920.268813605636	6921.4727703056715	0	0.0	0.0	733.7953902567981	0	0.2541617593255043	692.0268813605636	6.649112803078097	6596.350887196922	6603.0	0	0.0	0.0	660.3	0	0.9973669204617145	659.6350887196922	0	0	0	0	0	2130.0	0	0	0.0	0	
147	2019-01-14 01:06:36	0	0	6891.8478278873445	0	0	0.0	689.1847827887345	0	0	0	1.7900455551368133	6891.8478278873445	6893.637873442482	0	0.0	0.0	710.2764371848892	0	0.20562789682037858	689.1847827887345	6.839364688968057	6596.160635311032	6603.0	0	0.0	0.0	660.3	0	1.0259047033452084	659.6160635311032	0	0	0	0	0	2130.0	0	0	0.0	0	
148	2019-01-14 03:14:24	0	0	6881.644994205162	0	0	0.0	688.1644994205162	0	0	0	1.4995003780378184	6881.644994205162	6883.1444945832	0	0.0	0.0	699.5762581405647	0	0.16361274386882288	688.1644994205162	0	6603.0	6603.0	0	0	0.0	660.3	0	0	660.3000000000001	0	0	0	0	0	2130.0	0	0	0.0	0	
149	2019-01-14 05:22:12	0	0	6901.762338447732	0	0	0.0	690.1762338447733	0	0	0	2.390400644267966	6901.762338447732	6904.152739092	0	0.0	0.0	680.562307353893	0	0.22656581401496942	690.1762338447733	10.649999999999999	6592.35	6603.0	0	0.0	0.0	660.3	0	1.5974999999999997	659.2350000000001	0	0	0	0	0	2130.0	0	0	0.0	0	
150	2019-01-14 07:30:00	0	0	6908.158590751398	0	0	0.0	690.8158590751399	0	0	0	0.2260702300559226	6908.158590751398	6908.384660981454	0	2.7755575615628914e-17	0.0	686.882474524392	0	0.020306757721987454	690.8158590751399	6.1107385266957825	6596.889261473304	6603.0	0	0.0	0.0	660.3	0	0.9166107790043674	659.6889261473304	0	0	0	0	0	2130.0	0	0	0.0	0	
151	2019-01-14 09:37:48	0	0	6928.368740740562	0	0	0.0	692.8368740740563	0	0	0	0.4933256799415352	6928.368740740562	6928.862066420504	0	0.0	9.094947017729282e-13	703.0698624703832	0	0.06002712557963366	692.8368740740563	7.082245071087126	6596.062856344265	6603.145101415353	0	0.0	9.094947017729282e-13	660.3145101415353	0	1.062336760663069	659.6062856344265	0	0	0	0	0	2130.0	0	0	0.0	0	
152	2019-01-14 11:45:36	0	0	6923.472137667753	0	0	0.0	692.3472137667753	0	0	0	1.7994282408520714	6923.472137667753	6925.271565908604	0	2.220446049250313e-16	9.094947017729282e-13	701.0801836775529	0	0.22338855268611912	692.3472137667753	6.2832579691489245	6597.569378679003	6603.852636648152	0	0.0	9.094947017729282e-13	660.3852636648152	0	0.9424886953723386	659.7569378679004	0	0	0	0	0	2130.0	0	0	0.0	0	
153	2019-01-14 13:53:24	0	0	6939.907920854015	0	0	0.0	693.9907920854016	0	0	0	0.25208834314470085	6939.907920854015	6940.1600091971595	0	0.0	1.8189894035458565e-12	709.5421897334473	0	0.04352513930060605	693.9907920854016	6.000065854796251	6598.173471449771	6604.173537304567	0	0.0	9.094947017729282e-13	660.4173537304566	0	0.9000098782194376	659.8173471449771	0	0	0	0	0	2130.0	0	0	0.0	0	
154	2019-01-14 16:01:12	0	0	6895.5662549263525	0	0	0.0	689.5566254926352	0	0	0	7.0088476394793515	6895.5662549263525	6902.575102565832	0	8.881784197001252e-16	9.094947017729282e-13	695.3210372755533	0	0.8232293596915432	689.5566254926352	5.8898188269635225	6597.5433544350935	6603.433173262057	0	0.0	9.094947017729282e-13	660.3433173262056	0	0.8834728240445283	659.7543354435094	0	0	0	0	0	2130.0	0	0	0.0	0	
155	2019-01-14 18:09:00	0	0	6914.314248596022	0	0	0.0	691.4314248596022	0	0	0	0.2610777390203766	6914.314248596022	6914.575326335042	0	0.0	0.0	716.5555714504983	0	0.04956457498548528	691.4314248596022	6.12136755095815	6596.878632449042	6603.0	0	0.0	0.0	660.3	0	0.9182051326437225	659.6878632449043	0	0	0	0	0	2130.0	0	0	0.0	0	
156	2019-01-14 20:16:48	0	0	6947.155049582703	0	0	0.0	694.7155049582703	0	0	0	0.2445412018077106	6947.155049582703	6947.399590784511	0	0.0	0.0	735.3215775206392	0	0.051195068562193975	694.7155049582703	6.349056079689183	6596.650943920311	6603.0	0	0.0	0.0	660.3	0	0.9523584119533774	659.6650943920312	0	0	0	0	0	2130.0	0	0	0.0	0	
157	2019-01-14 22:24:36	0	0	7009.892201038856	0	0	0.0	700.9892201038856	0	0	0	0.8946622139337354	7009.892201038856	7010.78686325279	0	0.0	0.0	754.1535435787594	0	0.18411689109387247	700.9892201038856	6.536768702559741	6596.46323129744	6603.0	0	0.0	0.0	660.3	0	0.9805153053839611	659.646323129744	0	0	0	0	0	2130.0	0	0	0.0	0	
158	2019-01-15 00:32:24	0	0	7038.7883908726135	0	0	0.0	703.8788390872614	0	0	0	0.4070714548392168	7038.7883908726135	7039.195462327452	0	0.0	9.094947017729282e-13	748.2100299994302	0	0.05624398251595127	703.8788390872614	6.709375339397499	6596.290624660602	6602.999999999999	0	0.0	9.094947017729282e-13	660.3	0	1.006406300909625	659.6290624660602	0	0	0	0	0	2130.0	0	0	0.0	0	
159	2019-01-15 02:40:12	0	0	7087.058526119959	0	0	0.0	708.705852611996	0	0	0	1.1564116902412374	7087.058526119959	7088.214937810199	0	0.0	0.0	735.508315360581	0	0.11991379920793188	708.705852611996	0	6603.0	6603.0	0	0	0.0	660.3	0	0	660.3000000000001	0	0	0	0	0	2130.0	0	0	0.0	0	
160	2019-01-15 04:48:00	0	0	7115.254390717871	0	0	0.0	711.5254390717871	0	0	0	0.4198954343305125	7115.254390717871	7115.674286152201	0	5.551115123125783e-17	0.0	703.9792264660133	0	0.03837763819900748	711.5254390717871	10.649999999999999	6592.35	6603.0	0	0.0	0.0	660.3	0	1.5974999999999997	659.2350000000001	0	0	0	0	0	2130.0	0	0	0.0	0	
161	2019-01-15 06:55:48	0	0	7126.167053140085	0	0	0.0	712.6167053140085	0	0	0	2.1976324359062818	7126.167053140085	7128.364685575992	0	-4.440892098500626e-16	9.094947017729282e-13	695.2355342510045	0	0.21248239072880104	712.6167053140085	6.385595590007736	6596.614404409991	6602.999999999999	0	0.0	9.094947017729282e-13	660.3	0	0.9578393385011604	659.6614404409992	0	0	0	0	0	2130.0	0	0	0.0	0	
162	2019-01-15 09:03:36	0	0	7122.428508574811	0	0	0.0	712.2428508574811	0	0	0	11.383155190933417	7122.428508574811	7133.811663765744	0	0.0	0.0	729.8444255222468	0	1.4712358391633464	712.2428508574811	7.326752270678937	6595.7966590052165	6603.123411275896	0	0.0	0.0	660.3123411275895	0	1.0990128406018405	659.5796659005217	0	0	0	0	0	2130.0	0	0	0.0	0	
163	2019-01-15 11:11:24	0	0	7162.22394298168	0	0	0.0	716.2223942981681	0	0	0	0.37111387133651375	7162.22394298168	7162.595056853015	0	0.0	0.0	731.0194995990105	0	0.0411665015990111	716.2223942981681	6.630418884345931	6597.078048664936	6603.708467549282	0	0.0	0.0	660.3708467549282	0	0.9945628326518896	659.7078048664937	0	0	0	0	0	2130.0	0	0	0.0	0	
164	2019-01-15 13:19:12	0	0	7171.475191981618	0	0	0.0	717.1475191981618	0	0	0	12.218165347011224	7171.475191981618	7183.69335732863	0	0.0	0.0	744.9678934590753	0	1.7833927356627988	717.1475191981618	6.359476260496201	6597.822041773289	6604.181518033785	0	0.0	9.094947017729282e-13	660.4181518033785	0	0.9539214390744302	659.7822041773289	0	0	0	0	0	2130.0	0	0	0.0	0	
165	2019-01-15 15:27:00	0	0	7167.226133116296	0	0	0.0	716.7226133116296	0	0	0	0.2146885051033124	7167.226133116296	7167.4408216214	0	0.0	9.094947017729282e-13	730.0872835704891	0	0.03475561421866989	716.7226133116296	6.196064178354897	6597.2185392133115	6603.414603391667	0	0.0	9.094947017729282e-13	660.3414603391666	0	0.9294096267532345	659.7218539213312	0	0	0	0	0	2130.0	0	0	0.0	0	
166	2019-01-15 17:34:48	0	0	7044.01878488401	0	0	0.0	704.401878488401	0	0	0	0.49196691269279225	7044.01878488401	7044.510751796703	0	0.0	0.0	713.6332476759109	0	0.07214583847757346	704.401878488401	6.4001016784481735	6596.599898321552	6603.0	0	0.0	0.0	660.3	0	0.960015251767226	659.6599898321552	0	0	0	0	0	2130.0	0	0	0.0	0	
167	2019-01-15 19:42:36	0	0	7018.348625387004	0	0	0.0	701.8348625387005	0	0	0	1.8718194152338894	7018.348625387004	7020.2204448022385	0	0.0	0.0	752.960717564873	0	0.39692142831265587	701.8348625387005	6.562193173211106	6596.437806826789	6603.0	0	0.0	0.0	660.3	0	0.9843289759816658	659.6437806826789	0	0	0	0	0	2130.0	0	0	0.0	0	
